	CA122A2	OB05_BL	CA10	OB08_BL	CA58A1	OB11_BL	CA50B	OB13_BL	CA51A3A	OB18_BL	CA51A3	OB21_BL
Genus_1	0	0	0	0	0	0	0	0	0	0	0	0
Genus_2	0	0	0	0	0	0	0	0	0	0	0	0
Genus_3	0	0	0	0	0	0	0	0	0	0	0	0
Genus_4	0	0	0	0	0	0	0	0	0	0	0	0
Genus_5	0	0	0	0	0	0	0	0	0	0	0	0
Genus_6	0	0	0	0	0	0	0	0	0	0	0	2
Genus_7	0	0	0	0	0	0	0	0	0	0	0	0
Genus_8	0	0	0	0	0	0	0	0	0	0	0	0
Genus_9	11	0	0	0	0	0	0	0	0	0	0	0
Genus_10	0	0	0	0	0	0	0	0	0	0	0	0
Genus_11	0	0	0	0	0	0	0	0	0	0	0	0
Genus_12	0	0	0	0	0	0	0	0	0	0	0	0
Genus_13	0	0	0	0	0	0	0	0	0	0	0	0
Genus_14	0	0	0	0	0	0	0	9	0	0	0	0
Genus_15	0	0	0	0	0	0	0	0	0	0	0	0
Genus_16	0	0	0	0	0	0	0	0	0	0	0	0
Genus_17	5	2	5	15	3	4	11	4	30	6	5	2
Genus_18	0	0	0	0	6	0	0	0	0	0	0	0
Genus_19	0	0	0	0	2	3	0	0	0	0	0	0
Genus_20	0	0	0	0	0	0	0	0	0	0	0	0
Genus_21	0	0	0	0	0	0	0	0	0	0	0	0
Genus_22	0	0	0	0	0	0	0	0	0	0	0	0
Genus_23	0	0	0	0	0	0	0	12	0	10	10	1
Genus_24	0	0	0	0	1	5	0	0	0	0	0	0
Genus_25	0	0	0	0	0	0	0	0	0	0	0	0
Genus_26	0	0	0	0	0	0	0	0	0	0	0	0
Genus_27	0	0	0	0	0	0	0	0	0	0	0	0
Genus_28	0	0	0	0	0	0	0	0	0	0	0	0
Genus_29	5114	6620	2152	171	9557	11906	3640	1847	2381	5394	2331	2066
Genus_30	0	0	0	0	0	0	0	0	0	0	0	0
Genus_31	0	0	0	0	0	0	0	0	0	0	0	0
Genus_32	0	0	0	0	0	0	0	0	0	0	0	0
Genus_33	0	0	0	0	0	0	0	0	0	0	0	0
Genus_34	0	0	0	0	0	0	0	0	0	0	0	0
Genus_35	3	3	3	0	0	0	0	0	0	0	7	1
Genus_36	0	0	0	0	0	0	0	0	0	0	0	0
Genus_37	0	0	0	0	0	0	0	0	0	0	0	0
Genus_38	0	0	0	0	0	0	0	0	0	0	0	0
Genus_39	0	0	0	0	0	0	0	0	0	0	0	0
Genus_40	0	0	0	0	0	0	0	0	0	0	0	0
Genus_41	0	0	0	0	0	0	0	0	0	0	0	0
Genus_42	0	0	0	0	0	0	0	0	0	0	0	0
Genus_43	0	0	0	0	0	0	0	0	0	0	0	0
Genus_44	0	0	0	0	0	0	0	0	0	0	0	0
Genus_45	0	0	0	0	0	0	0	0	0	0	0	0
Genus_46	0	0	0	0	0	0	0	0	0	0	0	0
Genus_47	0	0	0	0	0	0	0	0	0	0	0	0
Genus_48	0	0	0	0	0	0	0	0	0	0	0	0
Genus_49	0	0	0	0	0	0	0	0	0	0	0	0
Genus_50	0	0	0	0	0	0	0	0	0	0	0	0
Genus_51	3	1	18	29	0	0	71	9	16	0	15	17
Genus_52	402	248	4115	13402	263	173	1311	1041	694	738	612	1100
Genus_53	0	0	0	0	0	0	0	0	0	0	0	0
Genus_54	77	108	132	250	114	92	218	69	449	173	116	82
Genus_55	0	0	0	3	0	0	0	0	0	0	0	0
Genus_56	0	0	0	0	0	0	0	0	0	0	0	0
Genus_57	0	0	0	0	0	0	0	0	0	0	0	0
Genus_58	0	0	0	0	0	2	0	0	10	0	3	0
Genus_59	0	0	0	0	0	0	0	0	0	0	0	0
Genus_60	0	0	0	0	0	0	0	0	0	0	0	0
Genus_61	0	0	6	10	0	0	29	0	0	0	0	0
Genus_62	0	0	0	0	0	0	0	0	0	0	0	0
Genus_63	0	0	0	0	0	2	0	0	3	0	0	2
Genus_64	0	0	0	0	0	0	0	0	0	0	0	0
Genus_65	0	0	0	0	0	0	0	0	0	0	0	0
Genus_66	0	0	0	0	0	0	5	50	95	51	163	105
Genus_67	0	0	0	0	0	0	0	0	0	0	0	0
Genus_68	0	39	0	0	0	0	0	0	0	0	0	0
Genus_69	0	0	0	0	0	0	0	0	0	0	0	0
Genus_70	0	0	0	0	0	0	0	0	0	0	0	0
Genus_71	1579	1540	794	165	688	652	667	4547	830	3019	2298	3511
Genus_72	0	0	0	0	0	0	0	0	0	0	0	0
Genus_73	0	0	3	0	9	0	21	0	0	0	0	0
Genus_74	0	0	0	0	0	0	0	0	0	0	0	0
Genus_75	0	0	0	0	0	0	0	0	0	0	0	3
Genus_76	0	0	0	0	0	0	0	0	0	0	0	2
Genus_77	0	0	0	0	0	0	0	0	0	0	0	0
Genus_78	0	0	0	6	0	0	0	0	0	0	0	0
Genus_79	0	0	0	0	0	0	0	0	0	3	0	0
Genus_80	0	0	0	0	0	0	0	0	0	0	0	0
Genus_81	0	0	0	0	0	0	0	0	0	0	0	0
Genus_82	0	0	0	0	0	0	0	0	0	0	0	0
Genus_83	0	0	0	0	0	0	0	0	0	0	0	0
Genus_84	0	0	0	0	0	0	0	0	0	0	0	0
Genus_85	0	0	0	0	0	0	0	0	0	0	0	0
Genus_86	0	0	0	0	0	0	0	0	0	0	0	0
Genus_87	73	16	461	777	2	0	48	48	58	36	70	48
Genus_88	0	0	0	0	0	0	0	0	0	0	0	0
Genus_89	0	0	0	0	0	0	0	0	0	0	0	0
Genus_90	0	0	0	0	0	0	0	0	0	0	0	0
Genus_91	0	3	13	22	0	0	0	0	0	8	0	0
Genus_92	0	0	0	0	0	0	0	0	0	0	0	0
Genus_93	0	22	0	4	1	4	3	11	21	24	5	2
Genus_94	0	0	0	0	0	0	0	0	0	0	0	0
Genus_95	0	0	0	0	0	0	0	0	0	0	0	0
Genus_96	0	0	0	0	0	0	0	6	0	0	0	0
Genus_97	0	0	0	0	0	0	0	0	0	0	0	0
Genus_98	0	0	0	0	0	0	0	0	0	0	0	0
Genus_99	0	0	0	20	0	3	0	0	0	41	2	0
Genus_100	0	0	0	0	0	0	0	0	0	0	0	0
Genus_101	0	0	0	0	0	0	0	0	0	0	0	0
Genus_102	0	0	0	0	0	0	0	0	0	0	0	0
Genus_103	5	3	0	6	1	6	42	80	88	0	106	71
Genus_104	0	0	0	0	0	0	0	17	17	8	3	9
Genus_105	0	0	0	11	0	0	0	12	4	29	6	15
Genus_106	0	0	0	0	0	0	0	0	0	0	0	0
Genus_107	0	0	1487	2537	2	0	149	14	13	10	18	14
Genus_108	0	0	0	0	0	0	0	0	0	0	0	0
Genus_109	0	0	0	0	0	0	0	0	0	7	0	0
Genus_110	0	0	0	0	0	0	0	0	0	0	0	0
Genus_111	0	0	0	0	0	0	14	1	6	0	6	2
Genus_112	0	0	0	0	0	0	0	0	0	0	0	0
Genus_113	0	0	0	0	0	0	0	0	0	0	0	0
Genus_114	0	0	0	0	0	0	0	0	0	0	0	0
Genus_115	0	0	0	0	0	0	0	0	0	0	0	0
Genus_116	0	0	0	0	0	0	0	0	0	0	0	0
Genus_117	0	0	0	0	0	0	0	0	0	0	0	0
Genus_118	0	0	0	0	0	0	0	0	0	0	0	0
Genus_119	0	0	0	0	0	0	0	0	0	0	0	0
Genus_120	0	0	0	0	0	0	0	0	0	0	0	0
Genus_121	0	0	0	0	0	0	0	0	0	0	0	0
Genus_122	0	0	0	0	0	0	0	0	0	0	0	0
Genus_123	0	0	0	0	0	0	0	0	0	0	0	0
Genus_124	0	0	0	0	0	0	0	0	0	0	0	0
Genus_125	0	0	0	0	0	0	0	0	0	0	0	0
Genus_126	0	0	0	0	0	0	0	0	0	0	0	0
Genus_127	0	0	0	0	0	0	0	0	0	0	0	0
Genus_128	0	0	0	0	0	0	0	0	0	0	0	0
Genus_129	0	0	0	0	0	0	0	0	0	0	0	0
Genus_130	0	0	0	10	0	0	0	0	39	0	8	0
Genus_131	0	0	0	0	0	0	0	0	0	0	0	0
Genus_132	7	23	27	23	3	4	14	10	50	2	19	25
Genus_133	0	0	0	0	0	0	0	0	0	0	0	0
Genus_134	0	0	0	0	0	0	0	0	0	0	0	0
Genus_135	0	0	0	0	0	0	0	0	0	0	0	0
Genus_136	3	0	0	0	13	8	6	0	0	0	0	0
Genus_137	3	0	3	0	0	1	8	3	0	1	0	0
Genus_138	0	0	0	0	0	1	4	11	11	2	3	17
Genus_139	0	0	0	0	0	0	0	0	0	0	0	0
Genus_140	0	0	0	0	0	0	0	0	0	0	0	0
Genus_141	0	0	0	0	0	0	0	4	0	0	0	0
Genus_142	0	27	0	0	0	0	0	0	0	0	0	0
Genus_143	0	2	4	2	0	9	14	6	4	0	6	0
Genus_144	0	0	0	0	0	0	0	0	0	0	0	0
Genus_145	0	0	0	0	0	0	0	0	0	0	0	0
Genus_146	0	0	0	0	0	0	0	0	0	0	0	0
Genus_147	0	0	0	0	0	0	0	0	0	0	0	0
Genus_148	0	0	0	0	0	0	0	0	0	0	0	0
Genus_149	0	0	0	0	0	0	0	0	0	0	0	0
Genus_150	0	0	0	0	0	0	0	0	0	0	0	0
Genus_151	0	0	0	0	0	0	0	0	0	0	0	0
Genus_152	0	0	0	0	0	0	0	0	0	0	0	0
Genus_153	0	0	0	0	0	0	0	0	0	0	0	0
Genus_154	0	0	0	0	0	0	0	0	0	0	0	0
Genus_155	0	0	0	0	0	0	0	0	0	0	0	0
Genus_156	0	0	0	0	0	0	0	0	0	0	0	0
Genus_157	21	18	0	0	23	11	5	0	11	0	0	0
Genus_158	20	5	24	10	143	42	106	2	6	0	1	11
Genus_159	0	0	0	0	0	0	0	0	0	0	0	0
Genus_160	0	0	0	0	0	0	0	0	0	0	0	0
Genus_161	0	0	0	0	0	0	0	0	0	0	0	0
Genus_162	0	0	0	0	2	0	0	0	0	0	0	0
Genus_163	0	0	0	0	0	0	0	0	0	0	0	0
Genus_164	2068	1511	687	88	2176	1558	780	2098	1449	2044	1978	2217
Genus_165	0	0	0	0	0	0	0	1	0	0	0	0
Genus_166	0	0	0	0	0	0	0	0	0	0	0	0
Genus_167	0	0	0	0	0	0	0	0	0	0	0	0
Genus_168	0	0	0	0	0	0	0	0	0	0	0	0
Genus_169	0	0	0	0	0	0	0	0	0	0	5	0
Genus_170	0	0	0	0	0	0	0	0	0	0	0	0
Genus_171	0	0	0	0	0	0	0	0	0	0	5	0
Genus_172	0	0	0	0	0	0	0	0	0	0	0	0
Genus_173	0	0	0	0	0	0	0	0	0	0	0	0
Genus_174	0	0	0	0	0	0	0	0	0	0	0	0
Genus_175	0	0	0	0	0	0	0	0	0	0	0	0
Genus_176	0	0	0	0	0	0	0	0	0	0	0	0
Genus_177	0	0	0	0	0	0	0	0	0	0	0	0
Genus_178	0	0	0	0	0	0	0	0	0	0	0	0
Genus_179	0	0	0	0	0	0	0	0	0	0	0	0
Genus_180	0	0	0	0	0	0	0	0	0	0	0	0
Genus_181	0	0	0	0	0	0	0	0	0	0	0	0
Genus_182	0	0	0	0	0	0	0	0	0	0	0	0
Genus_183	0	0	0	0	0	0	0	0	0	0	0	0
Genus_184	0	0	0	0	0	0	0	0	0	0	0	0
Genus_185	0	0	0	0	0	0	0	0	0	0	0	0
Genus_186	0	15	0	0	0	0	0	0	0	0	0	0
Genus_187	0	0	0	0	0	0	0	0	0	0	0	0
Genus_188	0	0	0	0	0	0	0	0	0	0	0	0
Genus_189	0	0	0	0	0	0	0	0	0	0	0	0
Genus_190	0	0	0	0	0	0	0	0	0	0	0	0
Genus_191	4397	3492	91	116	90	50	357	4935	690	659	7082	5370
Genus_192	19	21	0	25	14	22	0	14	185	25	0	0
Genus_193	0	0	0	0	0	0	0	0	0	0	0	0
Genus_194	0	0	0	0	0	0	0	0	0	0	0	0
Genus_195	14	7	3	14	173	76	62	5	0	0	0	0
Genus_196	0	0	0	0	0	0	0	0	0	0	0	0
Genus_197	0	0	0	0	5	0	3	0	0	0	0	0
Genus_198	0	0	0	0	0	0	0	0	0	0	0	0
Genus_199	0	0	0	0	0	0	0	0	0	0	0	0
Genus_200	263	260	40	11	435	301	101	92	64	115	177	87
Genus_201	0	0	0	0	0	0	0	0	0	0	0	0
Genus_202	0	0	0	0	0	0	0	0	0	0	0	0
Genus_203	0	0	0	0	0	0	0	0	0	0	0	0
Genus_204	0	0	0	12	2	1	3	0	4	2	0	5
Genus_205	0	0	0	0	3	0	0	0	3	0	0	0
Genus_206	0	0	0	0	0	0	0	0	0	0	0	0
Genus_207	0	0	0	0	0	0	0	0	0	0	0	0
Genus_208	0	0	0	0	0	0	0	0	0	0	0	0
Genus_209	0	0	0	0	0	0	0	0	0	0	0	0
Genus_210	0	0	0	0	0	0	0	0	0	0	0	0
Genus_211	13	7	0	0	26	3	0	0	0	2	6	2
Genus_212	2	0	0	0	0	0	0	0	0	0	0	0
Genus_213	0	0	3	0	0	3	4	0	0	0	1	0
Genus_214	0	0	0	0	0	0	0	0	0	0	0	0
Genus_215	0	0	0	0	0	0	0	0	0	0	0	0
Genus_216	0	0	0	0	0	0	0	0	0	0	0	0
Genus_217	0	0	0	0	0	0	0	0	0	0	0	0
Genus_218	0	0	0	0	0	1	0	0	3	2	0	0
Genus_219	0	0	0	0	0	0	0	0	0	0	0	3
Genus_220	0	0	0	0	0	0	0	0	0	0	0	0
Genus_221	0	0	0	0	0	0	0	0	0	0	0	0
Genus_222	0	0	0	0	0	0	0	0	0	0	0	0
Genus_223	0	0	0	0	0	0	0	0	0	0	0	0
Genus_224	0	0	0	0	0	0	0	0	0	0	0	0
Genus_225	0	0	0	0	0	0	0	0	0	0	0	0
Genus_226	0	0	0	0	0	0	0	0	0	0	0	0
Genus_227	0	1	0	0	0	0	0	0	0	0	0	0
Genus_228	53	38	56	79	32	22	181	30	179	30	17	29
Genus_229	0	0	0	0	0	0	0	0	0	0	0	0
Genus_230	0	0	0	0	0	0	0	0	0	0	0	0
Genus_231	0	0	0	0	0	0	0	0	0	0	2	0
Genus_232	0	0	0	0	0	0	0	0	0	0	0	0
Genus_233	0	0	0	0	81	35	0	0	0	0	0	0
Genus_234	0	0	17	53	0	0	53	22	15	7	10	9
Genus_235	0	0	0	0	0	0	0	0	13	0	0	0
Genus_236	0	0	0	0	0	0	0	0	0	0	0	0
Genus_237	0	0	0	0	0	0	0	0	0	0	0	0
Genus_238	0	0	0	0	0	0	0	0	0	0	0	0
Genus_239	0	3	5	0	1	1	0	0	21	4	0	0
Genus_240	0	0	0	0	0	0	0	0	0	0	0	1
Genus_241	39	23	0	0	16	15	0	64	13	8	119	77
Genus_242	0	0	0	0	0	0	0	0	0	0	0	0
Genus_243	0	0	0	0	0	0	0	0	0	0	0	0
Genus_244	427	413	161	40	383	250	428	550	343	406	690	551
Genus_245	0	0	0	0	0	0	0	0	0	0	0	0
Genus_246	0	0	0	0	0	0	0	0	0	0	0	0
Genus_247	0	0	0	0	0	0	0	0	0	0	0	0
Genus_248	0	0	0	0	0	0	0	0	0	0	0	0
Genus_249	0	0	0	0	0	0	0	2	0	0	2	1
Genus_250	0	0	31	0	0	0	0	0	0	0	0	0
Genus_251	0	0	0	0	0	0	0	0	0	0	0	0
Genus_252	0	0	0	0	0	0	0	0	5	0	0	0
Genus_253	0	0	0	0	0	0	0	0	0	0	0	0
Genus_254	0	0	0	0	0	0	0	0	0	0	0	0
Genus_255	8	7	3	11	46	15	68	29	4	14	49	39
Genus_256	64	109	63	323	98	90	419	136	53	0	249	117
Genus_257	0	0	0	0	0	0	0	0	0	0	0	0
Genus_258	9	0	17	0	0	0	3	15	0	0	6	11
Genus_259	0	0	0	0	0	3	0	0	0	0	0	0
Genus_260	0	0	0	0	0	0	0	0	0	0	0	0
Genus_261	0	0	0	0	0	0	0	0	0	0	0	0
Genus_262	0	0	0	0	0	0	0	0	0	0	0	0
Genus_263	0	0	0	0	0	0	0	0	0	5	0	0
Genus_264	0	0	0	0	0	0	0	0	0	0	0	2
Genus_265	0	0	0	0	0	0	0	0	0	0	0	0
Genus_266	0	0	0	0	0	0	0	0	0	0	0	0
Genus_267	1	1	0	0	0	2	0	0	12	0	0	0
Genus_268	0	0	0	0	0	0	0	0	0	0	0	0
Genus_269	0	0	0	0	0	0	0	0	0	0	0	0
Genus_270	0	0	0	0	0	0	0	0	0	0	0	0
Genus_271	0	0	0	0	0	0	0	0	0	0	0	0
Genus_272	0	0	0	0	0	0	0	0	0	0	0	0
Genus_273	0	0	0	0	0	0	0	0	0	0	0	0
Genus_274	0	0	0	0	0	0	0	0	0	0	0	0
Genus_275	0	0	0	0	0	0	0	0	0	0	0	0
Genus_276	0	0	0	0	0	0	0	0	0	0	0	0
Genus_277	0	0	0	0	0	0	0	3	60	0	0	0
Genus_278	0	0	0	0	0	0	0	0	0	0	0	0
Genus_279	0	0	0	0	0	0	0	0	0	0	0	0
Genus_280	0	0	0	0	0	2	0	0	0	0	0	0
Genus_281	0	0	0	0	0	0	0	0	0	5	0	0
Genus_282	0	0	0	0	0	0	0	0	0	0	0	0
Genus_283	0	0	0	0	0	0	0	0	0	0	0	0
Genus_284	0	0	0	0	1	0	0	0	0	0	0	0
Genus_285	0	3	5	6	0	4	3	2	34	0	2	3
Genus_286	0	1	11	0	32	0	25	0	3	0	21	1
Genus_287	0	0	0	0	0	0	0	0	6	0	0	0
Genus_288	0	0	0	8	0	0	0	0	0	0	0	0
Genus_289	0	0	0	0	0	0	0	0	0	0	0	0
Genus_290	0	0	0	0	0	0	0	6	0	0	0	0
Genus_291	0	0	0	0	0	0	0	0	0	0	0	0
Genus_292	0	0	0	0	0	0	0	0	0	0	0	0
Genus_293	79	112	29	14	62	36	19	260	0	2	79	289
Genus_294	0	0	0	0	0	0	0	0	0	0	0	0
Genus_295	5	4	0	0	21	5	0	21	0	2	25	38
Genus_296	0	0	0	0	0	0	0	0	0	0	0	0
Genus_297	0	0	0	0	0	0	0	0	0	0	0	0
Genus_298	0	0	0	0	0	0	0	0	0	0	0	0
Genus_299	0	0	0	0	0	0	0	0	0	0	0	0
Genus_300	0	0	0	0	0	0	0	0	0	0	0	0
Genus_301	0	0	0	0	0	0	0	0	0	0	0	0
Genus_302	34	42	0	3	121	203	10	0	0	0	0	0
Genus_303	0	0	0	0	0	0	0	0	0	0	0	0
Genus_304	0	0	0	0	0	0	0	0	0	0	0	0
Genus_305	0	0	0	0	0	0	0	0	0	0	0	0
Genus_306	0	0	0	0	0	0	0	0	0	0	0	0
Genus_307	0	0	0	0	0	0	0	0	0	0	0	0
Genus_308	0	0	0	0	0	0	0	0	0	0	0	0
Genus_309	0	0	0	0	0	0	0	0	10	0	0	0
Genus_310	0	0	0	0	0	0	0	0	0	0	0	0
Genus_311	0	0	0	0	0	0	0	0	0	0	0	0
Genus_312	0	0	0	0	0	0	0	0	0	0	0	0
Genus_313	6	4	16	8	2	9	10	7	48	6	6	7
Genus_314	0	0	0	0	5	1	0	0	0	0	0	0
Genus_315	0	0	0	0	0	0	0	2	0	0	5	1
Genus_316	0	0	0	0	0	0	0	0	0	0	0	0
Genus_317	3	2	6	4	1	0	4	2	3	3	2	3
Genus_318	0	0	0	0	0	0	0	0	0	0	0	0
Genus_319	0	0	0	0	0	0	0	0	0	0	0	0
Genus_320	0	0	0	0	0	0	0	0	0	0	0	0
Genus_321	0	0	0	0	0	0	0	47	0	10	18	28
Genus_322	0	0	0	0	0	0	0	4	0	0	3	0
Genus_323	0	0	0	0	0	0	0	0	0	0	0	0
Genus_324	0	0	0	0	0	0	0	0	0	0	0	0
Genus_325	0	0	0	0	0	0	0	0	0	0	0	0
Genus_326	0	0	0	0	0	0	0	0	0	0	0	0
Genus_327	115	89	99	18	77	38	851	271	267	864	121	241
Genus_328	0	0	0	0	0	0	0	0	0	0	0	0
Genus_329	0	0	0	0	0	0	0	0	0	0	0	0
Genus_330	0	0	0	0	0	0	0	0	0	0	0	0
Genus_331	0	3	4	18	7	0	3	2	16	10	0	5
Genus_332	0	0	0	2	0	0	0	0	0	0	0	0
Genus_333	0	0	0	0	0	0	0	0	0	1	0	0
Genus_334	0	0	0	0	0	0	0	0	0	0	0	0
Genus_335	0	0	0	0	0	0	0	0	0	0	0	0
Genus_336	0	0	0	0	0	0	0	0	0	0	0	0
Genus_337	0	0	0	0	0	0	0	0	0	0	0	0
Genus_338	0	0	0	0	0	0	0	0	0	0	0	0
Genus_339	0	0	12	0	0	0	0	0	0	0	0	0
Genus_340	0	0	0	0	0	0	0	0	0	0	0	0
Genus_341	735	752	137	47	942	567	1007	57	97	51	21	55
Genus_342	0	0	0	0	0	0	0	0	0	0	0	0
Genus_343	0	0	0	0	0	0	0	0	0	0	0	0
Genus_344	0	0	0	0	0	0	0	0	0	0	0	0
Genus_345	45	32	19	1	0	5	6	76	6	10	22	23
Genus_346	0	0	0	0	0	0	0	0	0	0	0	0
Genus_347	0	0	0	0	0	9	0	0	0	0	0	0
Genus_348	0	0	0	0	0	0	0	0	0	0	0	0
Genus_349	0	0	0	0	0	0	0	0	0	0	0	0
Genus_350	0	0	0	0	0	0	0	14	0	0	15	5
Genus_351	0	0	0	0	0	0	0	0	0	0	0	0
Genus_352	0	0	0	0	0	0	0	0	0	0	0	0
Genus_353	0	0	0	0	0	0	0	0	0	0	0	0
Genus_354	0	0	0	0	0	0	0	0	0	0	0	0
Genus_355	0	0	0	0	0	0	0	0	0	0	0	0
Genus_356	0	0	0	0	0	0	0	0	0	0	0	0
Genus_357	0	0	0	0	6	0	0	0	0	0	0	0
Genus_358	0	0	0	0	0	0	0	0	0	0	0	0
Genus_359	0	0	0	0	0	0	0	0	0	0	0	0
Genus_360	0	0	4	0	0	0	0	0	0	0	0	0
Genus_361	0	0	0	0	0	0	0	0	0	0	0	0
Genus_362	33	60	35	26	26	2	36	30	5	26	21	18
Genus_363	24	33	64	0	82	55	113	225	98	293	212	203
Genus_364	0	0	0	0	0	0	0	0	0	0	0	0
Genus_365	0	0	0	0	0	0	0	0	0	0	3	0
Genus_366	0	0	0	0	0	0	0	0	0	0	0	0
Genus_367	0	0	0	0	0	0	0	0	0	0	0	0
Genus_368	0	0	0	0	0	0	0	0	0	0	0	0
Genus_369	0	0	0	0	0	0	0	2	0	0	0	0
Genus_370	0	0	0	0	0	0	0	0	0	0	0	0
Genus_371	28	0	0	0	40	0	0	13	0	0	10	0
Genus_372	0	0	0	0	0	0	0	0	0	0	0	0
Genus_373	0	0	0	0	0	0	0	0	0	0	0	0
Genus_374	0	4	0	0	0	0	0	0	0	0	0	0
Genus_375	0	0	0	0	0	0	0	0	0	0	0	0
Genus_376	0	0	0	0	0	0	0	0	0	0	0	0
Genus_377	0	0	0	0	0	0	0	0	0	0	0	0
Genus_378	0	0	0	0	1	8	0	0	3	0	0	0
Genus_379	0	0	0	0	0	0	0	0	0	0	0	0
Genus_380	0	0	0	0	0	0	0	0	0	0	0	0
Genus_381	0	0	0	0	0	0	0	0	0	0	0	0
Genus_382	0	0	0	0	0	0	0	0	0	0	0	0
Genus_383	0	0	0	0	0	0	0	0	0	0	0	0
Genus_384	0	7	3	0	0	0	4	0	0	0	0	0
Genus_385	0	0	0	0	0	0	0	0	0	0	0	0
Genus_386	0	0	0	0	0	0	0	0	0	0	0	0
Genus_387	0	0	0	0	0	0	0	0	0	0	0	0
Genus_388	0	0	0	0	0	0	0	0	0	0	0	0
Genus_389	0	0	0	0	0	0	0	3	0	0	0	1
Genus_390	0	0	0	0	0	0	0	0	0	0	0	0
Genus_391	0	0	0	0	0	0	0	0	0	0	0	0
Genus_392	0	12	0	2	0	0	68	0	0	0	0	0
Genus_393	0	0	0	0	0	0	0	0	0	5	0	0
Genus_394	8	12	0	0	21	2	0	0	0	0	0	0
Genus_395	0	2	0	0	0	0	0	0	0	0	0	0
Genus_396	0	0	0	0	0	0	0	0	0	0	0	0
Genus_397	0	0	0	0	0	0	0	0	0	0	0	0
Genus_398	0	0	0	0	0	0	0	0	0	0	0	0
Genus_399	0	0	0	0	0	0	0	0	0	0	0	0
Genus_400	2	0	0	0	0	0	0	0	9	1	0	0
Genus_401	0	0	0	0	0	0	0	0	0	0	0	0
Genus_402	0	5	0	0	0	0	0	2	0	5	0	0
Genus_403	0	0	3	0	1	0	5	0	5	49	17	0
Genus_404	0	0	0	0	0	0	0	0	0	0	0	0
Genus_405	0	0	0	0	0	0	0	0	0	0	0	0
Genus_406	0	0	0	0	0	0	0	0	0	0	0	0
Genus_407	0	0	0	0	0	0	0	0	0	0	0	0
Genus_408	0	0	0	0	0	0	0	0	0	0	0	0
Genus_409	0	0	7	0	0	0	16	0	0	0	5	6
Genus_410	0	0	0	0	0	0	0	0	0	0	0	0
Genus_411	0	0	0	0	0	0	0	0	0	0	0	0
Genus_412	0	0	0	0	0	0	0	0	0	0	0	0
Genus_413	2	0	10	0	0	2	8	0	0	0	0	0
Genus_414	0	0	0	0	0	0	0	0	0	0	0	0
Genus_415	0	0	0	0	0	0	0	0	0	0	0	0
Genus_416	0	0	0	0	0	0	0	0	0	0	0	0
Genus_417	52	40	0	54	10	27	212	31	104	55	57	68
Genus_418	0	0	0	0	0	0	0	0	5	0	0	0
Genus_419	0	0	0	0	0	0	0	0	0	0	0	0
Genus_420	1	2	0	0	0	0	0	21	0	0	52	44
Genus_421	0	0	0	0	0	0	0	0	0	0	0	0
Genus_422	25	20	16	0	865	785	160	9	16	15	5	16
Genus_423	0	0	0	0	0	0	0	0	0	0	0	0
Genus_424	0	0	0	0	0	0	0	0	0	0	0	0
Genus_425	0	0	0	0	0	0	0	0	0	0	0	0
Genus_426	0	0	0	0	0	0	0	0	0	0	0	0
Genus_427	2677	2776	650	135	1866	1476	4400	1584	834	4282	1571	1778
Genus_428	0	0	0	0	0	0	0	0	0	0	0	0
Genus_429	0	0	0	0	0	0	0	0	0	0	0	0
Genus_430	0	0	0	0	0	0	0	0	0	0	0	0
Genus_431	0	0	0	0	0	0	0	0	0	0	0	0
Genus_432	0	0	0	0	0	0	0	0	0	0	0	0
Genus_433	0	0	0	0	0	0	5	0	0	3	0	0
Genus_434	0	0	0	0	0	0	0	0	0	0	0	0
Genus_435	0	0	0	0	0	0	0	0	0	0	0	0
Genus_436	0	0	0	0	0	0	0	0	0	0	0	0
Genus_437	0	0	0	0	0	0	0	0	0	0	0	0
Genus_438	0	0	0	0	0	0	0	0	0	0	0	0
Genus_439	0	0	0	0	0	0	0	1	0	4	0	0
Genus_440	0	0	0	0	0	0	0	0	0	0	0	0
Genus_441	0	0	0	0	0	0	0	0	0	0	0	0
Genus_442	0	0	0	0	0	0	0	0	0	0	0	0
Genus_443	9	6	13	11	6	4	28	1	30	5	20	10
Genus_444	0	0	0	0	0	0	0	0	0	0	0	0
Genus_445	0	0	0	0	9	0	0	0	0	0	0	4
Genus_446	0	0	0	0	0	0	0	0	0	0	0	0
Genus_447	0	0	0	0	0	0	0	0	0	0	0	0
Genus_448	0	0	0	0	0	0	0	0	0	0	0	0
Genus_449	0	0	0	0	0	0	0	0	0	0	0	0
Genus_450	0	0	0	0	0	0	0	12	0	0	0	0
Genus_451	14	0	0	0	0	0	18	2	0	0	0	0
Genus_452	0	0	17	16	0	2	19	16	11	0	3	10
Genus_453	0	0	0	0	0	0	0	0	0	0	0	0
Genus_454	0	0	0	0	0	0	0	0	0	0	0	0
Genus_455	0	0	0	0	0	0	0	0	0	4	0	0
Genus_456	0	0	0	0	0	0	0	0	0	0	0	0
Genus_457	0	0	0	0	0	0	0	0	0	0	0	0
Genus_458	0	0	0	0	0	0	0	4	16	11	16	2
Genus_459	0	0	0	0	0	0	0	0	0	0	0	0
Genus_460	18	7	0	0	0	0	0	82	0	11	75	130
Genus_461	0	0	0	0	0	0	0	0	0	0	0	0
Genus_462	0	0	0	0	0	0	0	0	0	0	0	0
Genus_463	0	0	0	0	0	0	0	0	0	0	0	0
Genus_464	0	0	0	0	0	0	0	0	0	0	0	0
Genus_465	0	0	0	0	0	0	0	0	0	0	0	0
Genus_466	0	0	0	0	0	0	0	0	0	0	0	0
Genus_467	0	0	0	0	0	0	0	0	0	0	0	0
Genus_468	0	0	0	0	0	0	0	0	0	0	0	0
Genus_469	0	0	0	0	0	0	0	0	0	0	0	0
