	T046B4	OB23-25_BL_1	T037A2	OB23-25_BL_2	T037	OB26_BL	T068C1	OB29_BL	T023D3	OB31-33_BL_1	T073A2	OB31-33_BL_2	T073A1	OB31-33_BL_3	T101B	OB35-38_BL_1	T100F	OB35-38_BL_2	T101A	OB35-38_BL_3	T060D	OB40-41_BL_1	T060E	OB40-41_BL_2
Genus_1	0	5	0	5	0	0	0	0	0	0	0	0	0	0	0	0	0	0	3	0	0	0	0	0
Genus_2	1	10	8	10	0	18	0	0	0	0	0	0	0	0	4	10	0	10	4	10	0	5	6	5
Genus_3	4	0	0	0	0	0	0	0	0	0	0	0	0	0	0	0	0	0	0	0	0	0	0	0
Genus_4	0	0	0	0	7	0	0	0	0	0	0	0	0	0	0	0	0	0	0	0	0	1	0	1
Genus_5	78	104	89	104	420	676	55	19	9	0	0	0	2	0	72	95	33	95	189	95	45	28	44	28
Genus_6	8	6	11	6	12	33	0	17	2	0	0	0	0	0	11	10	5	10	18	10	11	0	10	0
Genus_7	0	0	0	0	0	0	0	0	5	0	0	0	0	0	0	0	4	0	0	0	0	0	0	0
Genus_8	0	0	0	0	0	0	0	0	0	0	0	0	0	0	3	0	0	0	0	0	0	0	0	0
Genus_9	0	0	0	0	0	0	0	0	0	0	0	0	0	0	0	0	0	0	0	0	0	0	0	0
Genus_10	0	7	1	7	0	0	2	11	2	0	4	0	0	0	18	4	8	4	0	4	2	6	5	6
Genus_11	0	0	0	0	0	0	0	0	0	3	0	3	0	3	0	0	0	0	0	0	0	0	0	0
Genus_12	0	0	0	0	0	0	0	0	3	0	0	0	0	0	0	0	0	0	0	0	0	0	0	0
Genus_13	2	0	0	0	4	6	2	7	0	0	0	0	0	0	0	2	3	2	1	2	1	0	2	0
Genus_14	0	0	0	0	0	0	0	0	0	0	0	0	0	0	0	0	0	0	0	0	0	0	0	0
Genus_15	0	0	0	0	0	0	0	0	0	0	0	0	0	0	0	0	0	0	2	0	3	0	0	0
Genus_16	0	0	0	0	0	0	0	0	0	0	0	0	0	0	0	0	1	0	0	0	0	0	0	0
Genus_17	5	6	10	6	8	1	2	9	5	27	4	27	12	27	6	6	14	6	3	6	10	10	11	10
Genus_18	13	18	7	18	21	2	13	0	2	0	3	0	6	0	3	0	0	0	2	0	8	1	0	1
Genus_19	0	0	0	0	0	0	0	0	0	0	0	0	0	0	0	0	0	0	0	0	0	0	0	0
Genus_20	0	0	0	0	7	0	0	0	0	0	0	0	0	0	0	0	0	0	0	0	0	0	0	0
Genus_21	0	9	0	9	0	3	0	0	0	0	0	0	0	0	3	3	4	3	7	3	5	0	1	0
Genus_22	0	0	0	0	0	0	0	0	0	0	0	0	0	0	3	0	0	0	0	0	0	0	1	0
Genus_23	0	0	0	0	0	0	1	21	0	0	6	0	0	0	5	0	5	0	0	0	4	2	2	2
Genus_24	9	2	8	2	7	4	0	6	0	0	0	0	5	0	3	7	11	7	1	7	1	2	3	2
Genus_25	0	0	0	0	0	0	0	0	0	0	0	0	0	0	2	0	0	0	0	0	0	0	0	0
Genus_26	0	0	3	0	3	0	3	0	0	0	0	0	0	0	0	0	0	0	0	0	0	0	2	0
Genus_27	0	0	2	0	0	0	2	0	11	0	0	0	8	0	1	0	0	0	0	0	0	0	3	0
Genus_28	0	0	0	0	0	3	0	0	0	0	0	0	0	0	1	0	0	0	0	0	0	0	0	0
Genus_29	2303	2192	1635	2192	1340	1541	2871	2091	2665	17	2734	17	2771	17	2488	2402	2793	2402	2662	2402	2463	2224	2866	2224
Genus_30	0	0	0	0	0	4	0	0	0	0	0	0	0	0	0	0	0	0	0	0	0	0	0	0
Genus_31	0	0	0	0	0	0	0	0	0	0	0	0	0	0	18	0	5	0	0	0	0	5	0	5
Genus_32	0	0	0	0	0	0	0	0	0	0	3	0	0	0	0	0	0	0	0	0	0	0	0	0
Genus_33	0	0	0	0	4	0	0	0	0	0	0	0	0	0	0	1	0	1	0	1	0	0	0	0
Genus_34	7	0	3	0	0	0	0	0	0	0	0	0	0	0	0	2	0	2	3	2	0	0	0	0
Genus_35	0	3	7	3	6	0	2	6	0	3	1	3	4	3	0	0	1	0	2	0	5	0	0	0
Genus_36	5	1	1	1	0	9	5	0	0	0	0	0	0	0	7	14	11	14	13	14	2	2	12	2
Genus_37	0	0	0	0	0	0	0	0	2	0	0	0	0	0	0	1	1	1	0	1	5	3	2	3
Genus_38	0	0	0	0	0	0	0	0	0	0	0	0	2	0	2	0	0	0	0	0	0	0	0	0
Genus_39	8	2	0	2	0	16	0	0	0	0	2	0	0	0	3	7	0	7	2	7	2	0	0	0
Genus_40	0	7	0	7	0	0	0	7	0	0	0	0	4	0	11	0	0	0	9	0	0	3	0	3
Genus_41	0	0	0	0	0	0	0	0	0	0	0	0	2	0	1	6	0	6	6	6	3	0	2	0
Genus_42	40	26	23	26	174	302	13	17	0	0	6	0	0	0	15	58	10	58	69	58	43	25	28	25
Genus_43	0	0	0	0	0	3	0	0	0	0	0	0	0	0	0	0	0	0	0	0	0	0	0	0
Genus_44	4	19	0	19	0	5	22	22	6	0	7	0	8	0	24	20	17	20	12	20	32	26	31	26
Genus_45	0	0	0	0	0	4	4	0	0	0	0	0	0	0	0	0	4	0	7	0	4	0	3	0
Genus_46	4	1	0	1	0	9	1	0	0	0	0	0	0	0	0	0	0	0	0	0	0	0	0	0
Genus_47	0	0	0	0	0	6	2	0	0	0	0	0	0	0	0	0	0	0	0	0	0	0	0	0
Genus_48	3	6	3	6	0	14	0	0	0	0	0	0	0	0	8	1	0	1	8	1	0	0	3	0
Genus_49	6	9	11	9	9	35	1	0	0	0	0	0	0	0	4	3	1	3	0	3	8	6	4	6
Genus_50	0	0	0	0	0	0	0	6	0	0	0	0	0	0	0	0	0	0	0	0	0	0	0	0
Genus_51	0	4	5	4	5	1	7	0	3	0	0	0	0	0	5	15	5	15	19	15	0	18	1	18
Genus_52	176	164	196	164	179	234	388	285	658	24	643	24	372	24	1074	1460	1055	1460	858	1460	861	816	983	816
Genus_53	0	0	0	0	0	0	0	0	0	0	0	0	0	0	0	0	0	0	0	0	0	0	0	0
Genus_54	97	173	247	173	357	102	118	154	98	503	187	503	256	503	138	100	127	100	115	100	213	277	189	277
Genus_55	0	6	0	6	0	0	0	0	0	0	0	0	0	0	0	0	0	0	2	0	0	0	0	0
Genus_56	0	0	0	0	0	0	0	0	0	0	0	0	2	0	0	0	0	0	0	0	0	0	0	0
Genus_57	0	0	0	0	0	11	0	0	0	0	0	0	0	0	0	0	0	0	0	0	4	0	0	0
Genus_58	1	4	8	4	5	5	0	0	0	4	0	4	3	4	2	2	0	2	12	2	0	14	5	14
Genus_59	0	0	0	0	0	0	0	0	0	0	0	0	4	0	0	0	0	0	0	0	0	0	0	0
Genus_60	2	5	0	5	0	0	0	0	0	0	0	0	3	0	9	1	0	1	0	1	0	2	0	2
Genus_61	1	2	2	2	0	1	4	0	0	0	5	0	3	0	0	0	7	0	0	0	0	0	0	0
Genus_62	0	0	0	0	0	0	1	0	0	0	0	0	0	0	0	0	0	0	0	0	1	0	0	0
Genus_63	0	0	0	0	5	3	2	2	2	0	3	0	0	0	2	4	1	4	4	4	3	5	3	5
Genus_64	0	0	0	0	0	0	0	0	0	0	0	0	0	0	0	0	0	0	3	0	0	0	0	0
Genus_65	0	0	0	0	0	0	0	0	0	0	0	0	0	0	0	0	0	0	6	0	0	0	0	0
Genus_66	55	59	45	59	38	15	42	42	0	0	0	0	0	0	0	0	0	0	0	0	0	0	0	0
Genus_67	19	0	0	0	0	0	6	0	0	0	0	0	0	0	0	0	0	0	0	0	0	3	1	3
Genus_68	0	0	0	0	0	0	0	0	0	0	0	0	0	0	0	0	0	0	0	0	0	0	0	0
Genus_69	3	0	1	0	0	0	0	0	0	0	0	0	0	0	0	0	3	0	0	0	0	0	0	0
Genus_70	0	5	0	5	0	2	1	0	1	0	2	0	0	0	0	6	10	6	4	6	8	10	5	10
Genus_71	3513	3375	4000	3375	1981	2667	3468	3175	3645	19	3573	19	2988	19	2373	3097	3701	3097	2544	3097	3302	3113	2448	3113
Genus_72	0	0	0	0	0	0	0	0	0	0	0	0	0	0	7	0	0	0	0	0	0	0	0	0
Genus_73	0	0	0	0	0	0	0	0	0	0	0	0	0	0	0	0	0	0	0	0	0	0	0	0
Genus_74	0	0	0	0	0	6	0	0	0	0	0	0	0	0	0	0	0	0	0	0	0	0	0	0
Genus_75	0	0	0	0	0	0	0	0	0	0	0	0	0	0	0	0	0	0	0	0	0	0	0	0
Genus_76	0	2	0	2	0	0	0	0	0	0	0	0	0	0	0	1	0	1	0	1	0	0	3	0
Genus_77	1	1	1	1	0	1	0	0	0	0	0	0	0	0	0	0	0	0	3	0	0	0	0	0
Genus_78	0	0	0	0	0	0	0	0	0	0	0	0	0	0	0	0	0	0	0	0	0	0	0	0
Genus_79	0	0	0	0	0	0	0	0	0	0	0	0	0	0	0	0	0	0	0	0	0	0	0	0
Genus_80	1	0	0	0	3	17	1	0	0	0	0	0	0	0	0	3	0	3	6	3	0	0	2	0
Genus_81	0	0	4	0	0	0	0	0	0	0	0	0	0	0	0	2	4	2	6	2	5	6	6	6
Genus_82	0	0	0	0	0	0	0	0	0	0	0	0	0	0	6	0	0	0	0	0	0	0	0	0
Genus_83	0	0	0	0	0	0	0	0	0	0	5	0	2	0	0	0	0	0	0	0	0	0	0	0
Genus_84	0	0	0	0	0	1	0	0	0	0	0	0	0	0	0	1	0	1	2	1	0	0	0	0
Genus_85	11	3	2	3	3	2	5	0	1	0	0	0	4	0	0	0	0	0	0	0	0	0	0	0
Genus_86	0	7	3	7	0	0	0	0	0	0	0	0	0	0	0	0	4	0	0	0	0	0	1	0
Genus_87	57	203	53	203	503	389	134	153	225	0	531	0	251	0	393	1018	113	1018	339	1018	213	1485	452	1485
Genus_88	0	0	0	0	6	0	0	0	0	0	0	0	0	0	1	0	0	0	13	0	0	1	0	1
Genus_89	0	0	0	0	0	1	0	0	0	0	0	0	0	0	0	0	0	0	0	0	0	0	1	0
Genus_90	6	2	2	2	6	6	0	0	0	0	0	0	0	0	0	4	1	4	0	4	0	3	0	3
Genus_91	9	9	6	9	0	3	1	5	21	62	8	62	6	62	0	10	3	10	0	10	21	22	0	22
Genus_92	3	0	0	0	0	0	0	0	0	0	0	0	0	0	0	0	0	0	0	0	1	0	2	0
Genus_93	5	22	40	22	10	15	17	41	2	11	1	11	36	11	0	31	23	31	9	31	45	9	12	9
Genus_94	0	0	3	0	0	0	0	0	0	0	0	0	0	0	0	0	0	0	0	0	0	0	0	0
Genus_95	0	0	0	0	0	4	0	0	0	0	0	0	0	0	0	0	0	0	0	0	0	0	1	0
Genus_96	0	0	0	0	0	0	0	3	0	0	0	0	0	0	0	0	0	0	0	0	0	0	0	0
Genus_97	0	0	0	0	0	0	0	0	3	0	0	0	0	0	3	3	0	3	0	3	0	4	0	4
Genus_98	0	0	7	0	0	1	0	0	1	0	0	0	0	0	0	5	5	5	12	5	0	0	3	0
Genus_99	11	34	5	34	15	12	22	30	9	0	15	0	25	0	50	76	65	76	76	76	30	55	31	55
Genus_100	1	7	0	7	9	27	0	0	0	0	3	0	0	0	0	0	0	0	2	0	6	0	0	0
Genus_101	0	4	1	4	0	2	0	0	0	0	0	0	0	0	0	0	0	0	4	0	2	0	0	0
Genus_102	0	2	6	2	16	17	3	0	0	0	1	0	0	0	0	5	6	5	6	5	6	8	6	8
Genus_103	6	0	9	0	0	4	8	18	4	0	0	0	6	0	0	6	7	6	10	6	10	3	12	3
Genus_104	45	33	59	33	7	8	29	53	33	0	51	0	54	0	59	31	33	31	30	31	61	42	71	42
Genus_105	111	113	123	113	109	112	35	5	25	0	6	0	8	0	6	13	14	13	5	13	4	7	10	7
Genus_106	0	0	0	0	0	0	0	0	0	0	0	0	0	0	1	0	0	0	0	0	0	0	0	0
Genus_107	20	58	29	58	84	62	75	93	0	10	25	10	10	10	26	92	6	92	64	92	56	522	101	522
Genus_108	0	0	0	0	8	3	0	0	0	0	0	0	0	0	0	4	0	4	0	4	0	7	0	7
Genus_109	0	0	0	0	0	0	0	0	3	0	0	0	0	0	0	0	2	0	0	0	3	0	0	0
Genus_110	56	79	82	79	149	203	31	69	0	0	0	0	0	0	10	6	2	6	6	6	0	2	13	2
Genus_111	0	0	0	0	0	0	0	0	0	0	0	0	1	0	0	0	0	0	0	0	0	0	0	0
Genus_112	0	1	0	1	0	10	0	0	0	0	0	0	0	0	0	1	0	1	0	1	0	0	0	0
Genus_113	0	0	0	0	4	0	0	0	0	0	0	0	0	0	0	0	3	0	6	0	0	0	0	0
Genus_114	0	0	0	0	0	0	0	14	0	0	0	0	0	0	0	0	0	0	0	0	0	0	0	0
Genus_115	1	0	5	0	0	4	0	0	0	0	0	0	0	0	0	0	0	0	3	0	0	0	1	0
Genus_116	1	0	0	0	0	2	0	0	0	0	0	0	0	0	0	0	0	0	0	0	0	0	0	0
Genus_117	0	0	0	0	0	0	0	30	0	0	0	0	0	0	0	0	0	0	0	0	0	0	0	0
Genus_118	0	0	0	0	0	2	6	8	8	0	0	0	0	0	6	0	0	0	1	0	2	0	3	0
Genus_119	0	0	0	0	0	0	0	23	0	0	0	0	0	0	0	0	0	0	0	0	0	0	0	0
Genus_120	0	0	0	0	0	0	0	83	0	0	0	0	0	0	6	0	0	0	0	0	0	0	0	0
Genus_121	0	0	0	0	0	0	0	0	0	0	0	0	0	0	0	0	0	0	0	0	0	0	1	0
Genus_122	1	2	3	2	0	0	5	27	0	0	0	0	0	0	3	0	5	0	0	0	2	2	4	2
Genus_123	0	0	0	0	0	0	0	25	1	0	0	0	0	0	6	0	4	0	0	0	1	4	2	4
Genus_124	0	0	5	0	0	6	0	0	0	0	1	0	0	0	0	0	0	0	0	0	0	0	0	0
Genus_125	2	0	3	0	0	1	0	0	3	0	0	0	0	0	0	1	0	1	3	1	0	2	5	2
Genus_126	0	3	0	3	7	0	0	0	0	0	0	0	0	0	14	0	0	0	2	0	0	0	2	0
Genus_127	2	1	10	1	0	5	5	6	9	0	0	0	0	0	5	6	10	6	7	6	2	7	7	7
Genus_128	0	0	0	0	0	0	0	0	0	0	0	0	0	0	8	0	0	0	0	0	0	0	0	0
Genus_129	2	2	3	2	7	3	0	0	0	0	0	0	0	0	0	8	2	8	0	8	0	4	1	4
Genus_130	3	0	0	0	0	0	0	0	0	18	0	18	0	18	0	0	0	0	0	0	0	0	0	0
Genus_131	0	0	0	0	10	6	0	0	0	0	0	0	0	0	7	6	5	6	6	6	2	0	0	0
Genus_132	12	35	40	35	53	14	10	20	24	81	9	81	62	81	1	23	17	23	19	23	1	49	42	49
Genus_133	0	0	0	0	0	0	0	0	0	0	0	0	0	0	3	2	0	2	0	2	0	0	0	0
Genus_134	0	2	1	2	0	0	0	0	0	0	0	0	0	0	0	0	0	0	0	0	0	1	2	1
Genus_135	0	0	0	0	0	0	0	0	0	0	0	0	0	0	0	0	0	0	6	0	0	0	0	0
Genus_136	0	0	0	0	0	0	0	0	0	0	0	0	0	0	0	0	3	0	0	0	0	0	0	0
Genus_137	0	0	3	0	0	0	0	3	0	0	1	0	0	0	0	0	3	0	3	0	3	0	0	0
Genus_138	58	56	81	56	41	38	60	168	9	0	16	0	18	0	20	14	11	14	23	14	8	10	16	10
Genus_139	0	0	0	0	8	0	0	0	0	0	0	0	0	0	0	0	0	0	0	0	0	0	0	0
Genus_140	0	0	0	0	0	6	0	0	0	0	0	0	0	0	0	0	0	0	13	0	0	0	0	0
Genus_141	0	0	0	0	0	0	0	0	0	0	0	0	0	0	0	0	0	0	0	0	0	0	0	0
Genus_142	0	1	0	1	16	1	0	0	0	0	3	0	67	0	8	0	0	0	0	0	7	0	0	0
Genus_143	0	8	15	8	10	2	7	17	0	4	6	4	1	4	3	5	3	5	2	5	3	0	2	0
Genus_144	0	0	0	0	0	0	0	0	0	0	0	0	0	0	0	0	0	0	0	0	0	0	0	0
Genus_145	3	0	0	0	0	1	0	0	0	0	0	0	0	0	0	0	0	0	0	0	0	0	0	0
Genus_146	0	4	0	4	0	0	2	0	0	0	0	0	0	0	0	0	0	0	0	0	0	0	0	0
Genus_147	0	0	0	0	0	0	1	0	0	0	0	0	0	0	0	0	0	0	0	0	0	0	0	0
Genus_148	0	0	1	0	0	0	0	0	0	0	0	0	0	0	0	0	0	0	0	0	0	0	0	0
Genus_149	0	5	2	5	0	0	0	0	0	0	0	0	0	0	0	5	0	5	0	5	2	0	0	0
Genus_150	25	33	34	33	5	28	0	0	0	0	0	0	0	0	22	19	3	19	20	19	1	6	7	6
Genus_151	0	0	0	0	0	0	0	0	0	0	0	0	0	0	6	0	0	0	0	0	0	0	0	0
Genus_152	0	0	0	0	0	3	0	0	0	0	0	0	0	0	0	2	0	2	2	2	0	0	0	0
Genus_153	0	0	0	0	0	0	0	0	0	0	0	0	0	0	1	0	0	0	0	0	0	0	0	0
Genus_154	0	0	2	0	0	20	2	0	0	0	0	0	0	0	8	4	0	4	1	4	0	4	0	4
Genus_155	0	0	1	0	0	0	0	0	0	0	0	0	0	0	0	0	0	0	0	0	0	0	0	0
Genus_156	0	0	0	0	0	0	0	17	0	0	0	0	0	0	0	0	0	0	0	0	0	0	0	0
Genus_157	5	0	0	0	0	1	0	3	0	0	0	0	0	0	0	0	0	0	0	0	0	0	0	0
Genus_158	18	15	5	15	11	11	56	19	0	0	2	0	2	0	3	1	1	1	2	1	2	2	3	2
Genus_159	8	0	4	0	0	7	1	0	0	0	0	0	0	0	5	0	0	0	0	0	0	0	0	0
Genus_160	121	125	134	125	534	994	223	256	8	0	3	0	25	0	509	722	441	722	1185	722	381	317	449	317
Genus_161	0	0	0	0	0	3	0	0	0	0	0	0	0	0	0	0	0	0	0	0	0	0	0	0
Genus_162	0	6	0	6	0	0	0	0	1	5	5	5	0	5	3	0	0	0	0	0	0	3	0	3
Genus_163	0	3	4	3	13	50	2	7	0	0	0	0	0	0	0	9	18	9	10	9	4	3	10	3
Genus_164	92	128	130	128	60	40	100	190	20	0	12	0	16	0	10	3	28	3	12	3	8	11	6	11
Genus_165	0	0	0	0	0	0	0	0	0	0	0	0	0	0	0	0	0	0	0	0	0	0	0	0
Genus_166	0	0	0	0	0	0	7	3	0	0	0	0	0	0	0	4	0	4	1	4	9	10	7	10
Genus_167	0	0	0	0	0	0	0	0	0	0	0	0	0	0	0	0	0	0	0	0	0	6	0	6
Genus_168	1	7	4	7	5	3	0	0	0	0	0	0	0	0	0	2	2	2	3	2	3	0	3	0
Genus_169	2	0	0	0	0	0	0	0	7	0	1	0	11	0	15	54	1	54	10	54	2	4	3	4
Genus_170	0	0	0	0	0	1	0	0	0	0	0	0	0	0	0	0	0	0	3	0	0	0	0	0
Genus_171	0	0	0	0	0	0	0	0	0	0	0	0	0	0	0	0	0	0	0	0	0	0	0	0
Genus_172	0	0	0	0	0	0	0	0	0	0	0	0	0	0	0	0	5	0	0	0	0	0	0	0
Genus_173	0	0	3	0	0	0	0	0	0	0	0	0	0	0	0	0	0	0	0	0	0	0	0	0
Genus_174	0	0	0	0	0	5	0	0	0	0	0	0	0	0	0	0	0	0	0	0	0	0	0	0
Genus_175	0	0	3	0	0	6	0	0	0	0	0	0	0	0	0	2	0	2	4	2	0	0	2	0
Genus_176	1	5	11	5	0	3	0	0	0	0	0	0	0	0	4	5	2	5	7	5	0	0	0	0
Genus_177	0	0	0	0	0	1	0	0	0	0	0	0	0	0	0	0	0	0	0	0	0	0	0	0
Genus_178	0	0	0	0	0	3	0	0	1	0	0	0	0	0	0	6	0	6	0	6	0	2	0	2
Genus_179	0	0	0	0	0	0	0	0	0	0	4	0	0	0	0	0	0	0	0	0	0	0	0	0
Genus_180	0	2	0	2	5	0	1	0	0	0	0	0	0	0	0	3	0	3	10	3	0	0	1	0
Genus_181	3	0	0	0	0	11	0	0	0	0	0	0	0	0	0	0	0	0	0	0	1	0	1	0
Genus_182	1	0	0	0	0	0	6	6	0	0	0	0	0	0	1	0	2	0	0	0	0	3	4	3
Genus_183	0	2	0	2	0	2	4	15	0	0	0	0	9	0	24	1	3	1	0	1	8	6	7	6
Genus_184	0	0	0	0	0	0	0	15	0	0	0	0	0	0	0	0	0	0	0	0	3	4	0	4
Genus_185	2	0	1	0	3	0	6	0	3	0	0	0	0	0	7	2	0	2	7	2	2	4	5	4
Genus_186	0	0	0	0	0	0	0	0	0	0	0	0	0	0	0	0	0	0	0	0	0	0	0	0
Genus_187	3	0	0	0	0	0	0	0	3	0	0	0	1	0	0	0	0	0	0	0	0	0	0	0
Genus_188	0	0	0	0	0	0	2	0	0	0	3	0	2	0	4	2	2	2	0	2	0	2	2	2
Genus_189	3	5	0	5	20	12	9	32	5	0	0	0	2	0	11	7	6	7	44	7	3	5	9	5
Genus_190	0	0	0	0	0	0	0	0	0	0	0	0	0	0	0	0	0	0	7	0	0	0	0	0
Genus_191	3875	3702	3843	3702	3633	3440	1144	992	4139	23	3435	23	4826	23	2540	1140	1520	1140	1374	1140	1234	956	1434	956
Genus_192	8	0	0	0	0	0	0	40	2	59	0	59	0	59	0	0	0	0	0	0	0	5	0	5
Genus_193	0	0	0	0	0	0	0	0	4	0	0	0	2	0	5	0	0	0	0	0	2	0	0	0
Genus_194	0	0	0	0	0	0	0	11	0	0	0	0	0	0	0	3	0	3	0	3	0	0	1	0
Genus_195	4	9	11	9	0	11	94	101	2	0	17	0	2	0	21	5	21	5	12	5	31	11	15	11
Genus_196	0	0	0	0	0	5	0	0	0	0	0	0	0	0	0	0	0	0	0	0	0	0	0	0
Genus_197	11	0	6	0	0	1	3	8	0	0	0	0	2	0	2	2	8	2	4	2	2	0	0	0
Genus_198	0	0	0	0	0	0	2	0	0	0	0	0	2	0	0	0	0	0	0	0	0	3	0	3
Genus_199	0	0	0	0	0	0	0	0	0	0	0	0	0	0	2	0	0	0	0	0	0	0	0	0
Genus_200	126	111	158	111	85	71	118	160	34	0	40	0	34	0	39	16	22	16	29	16	20	31	25	31
Genus_201	0	0	0	0	0	0	0	3	0	0	0	0	0	0	2	0	2	0	2	0	0	0	0	0
Genus_202	0	0	0	0	0	0	0	0	0	0	0	0	1	0	0	2	6	2	0	2	0	4	2	4
Genus_203	0	1	3	1	5	2	0	0	0	0	0	0	0	0	0	0	0	0	8	0	0	0	1	0
Genus_204	1	2	0	2	7	0	0	0	1	10	3	10	2	10	0	0	0	0	11	0	4	8	4	8
Genus_205	205	300	272	300	271	253	133	114	39	0	28	0	34	0	91	153	139	153	184	153	197	146	233	146
Genus_206	3	0	3	0	0	0	0	0	0	0	0	0	0	0	0	0	7	0	0	0	0	0	1	0
Genus_207	0	0	0	0	0	0	6	0	1	0	0	0	0	0	0	2	7	2	5	2	4	4	0	4
Genus_208	0	0	0	0	3	2	0	0	0	0	0	0	0	0	0	0	0	0	0	0	0	2	0	2
Genus_209	0	0	0	0	0	2	0	0	0	0	0	0	0	0	0	0	0	0	0	0	0	0	0	0
Genus_210	0	8	0	8	0	0	0	0	2	0	0	0	0	0	0	0	0	0	0	0	0	0	0	0
Genus_211	54	57	62	57	45	36	76	178	13	0	13	0	20	0	26	9	19	9	27	9	14	19	30	19
Genus_212	0	0	1	0	0	0	0	1	0	0	0	0	0	0	0	0	0	0	0	0	0	0	0	0
Genus_213	0	0	2	0	9	0	0	0	0	6	0	6	2	6	0	0	1	0	0	0	2	1	2	1
Genus_214	0	0	0	0	7	11	0	0	3	0	0	0	1	0	37	30	24	30	41	30	2	4	18	4
Genus_215	0	0	0	0	0	0	0	0	0	0	0	0	0	0	0	0	4	0	0	0	0	0	0	0
Genus_216	0	0	0	0	0	0	1	5	0	0	0	0	0	0	0	0	0	0	0	0	0	0	0	0
Genus_217	0	0	0	0	0	0	0	0	0	0	2	0	0	0	0	0	1	0	3	0	0	0	0	0
Genus_218	0	0	3	0	8	3	1	0	2	6	0	6	3	6	0	0	2	0	0	0	2	1	3	1
Genus_219	3	0	0	0	0	0	15	26	0	0	0	0	0	0	0	0	0	0	0	0	7	3	2	3
Genus_220	0	0	0	0	0	0	0	0	0	0	0	0	0	0	0	0	0	0	0	0	0	5	0	5
Genus_221	0	0	0	0	0	0	3	0	0	0	0	0	0	0	3	0	0	0	0	0	0	0	0	0
Genus_222	0	0	0	0	0	2	0	0	0	0	0	0	0	0	0	8	2	8	0	8	0	0	0	0
Genus_223	1	0	2	0	0	1	0	0	0	0	0	0	0	0	0	1	0	1	4	1	0	0	0	0
Genus_224	0	0	0	0	0	6	0	0	0	0	0	0	0	0	0	0	0	0	0	0	2	0	0	0
Genus_225	0	0	0	0	4	0	0	0	0	0	0	0	0	0	0	0	6	0	0	0	0	0	3	0
Genus_226	1	9	1	9	17	15	8	0	2	0	0	0	13	0	13	13	1	13	14	13	3	6	20	6
Genus_227	0	0	5	0	0	0	0	2	0	0	0	0	5	0	0	0	1	0	0	0	1	0	0	0
Genus_228	20	90	44	90	115	32	39	41	35	115	92	115	101	115	53	35	58	35	39	35	42	76	66	76
Genus_229	1	0	4	0	0	7	0	0	0	0	0	0	0	0	0	4	3	4	0	4	0	0	0	0
Genus_230	0	0	3	0	8	10	4	0	0	0	0	0	0	0	0	0	0	0	6	0	2	3	0	3
Genus_231	0	0	0	0	0	0	2	6	0	0	0	0	0	0	15	4	0	4	0	4	3	2	0	2
Genus_232	0	7	5	7	0	13	13	59	7	0	0	0	0	0	16	5	14	5	12	5	5	17	5	17
Genus_233	0	0	0	0	0	0	0	0	0	0	0	0	3	0	0	0	0	0	0	0	0	0	0	0
Genus_234	3	0	2	0	0	0	4	16	7	0	0	0	3	0	0	0	0	0	3	0	0	0	1	0
Genus_235	0	0	0	0	0	0	0	0	0	0	0	0	0	0	0	0	0	0	0	0	0	0	0	0
Genus_236	0	0	0	0	0	1	0	0	0	0	0	0	0	0	0	0	1	0	0	0	3	0	0	0
Genus_237	0	0	0	0	0	0	0	0	0	0	0	0	0	0	0	0	8	0	0	0	0	0	0	0
Genus_238	0	0	0	0	3	0	1	0	0	0	3	0	5	0	14	0	2	0	0	0	3	0	0	0
Genus_239	0	2	1	2	5	1	0	0	12	5	5	5	3	5	3	4	0	4	2	4	14	20	6	20
Genus_240	0	0	0	0	0	0	0	0	0	0	0	0	0	0	0	0	0	0	0	0	0	0	0	0
Genus_241	239	114	148	114	100	107	294	165	363	0	401	0	522	0	449	323	323	323	316	323	439	328	489	328
Genus_242	0	0	0	0	0	0	0	0	0	0	2	0	0	0	2	0	5	0	0	0	0	0	0	0
Genus_243	0	0	0	0	0	4	0	10	0	0	0	0	0	0	1	0	0	0	7	0	0	1	0	1
Genus_244	231	353	237	353	217	235	210	271	146	0	180	0	173	0	172	100	99	100	110	100	130	112	101	112
Genus_245	0	0	0	0	0	0	0	0	0	0	0	0	0	0	0	0	6	0	0	0	0	0	0	0
Genus_246	0	0	0	0	0	0	0	0	0	0	0	0	0	0	0	0	0	0	0	0	0	3	0	3
Genus_247	0	0	0	0	0	7	0	0	0	0	0	0	0	0	7	0	0	0	0	0	0	0	0	0
Genus_248	15	51	13	51	39	77	7	5	0	0	3	0	10	0	11	8	9	8	1	8	8	1	8	1
Genus_249	0	4	0	4	0	0	30	14	0	0	4	0	1	0	17	9	8	9	7	9	19	15	27	15
Genus_250	0	37	0	37	0	15	0	0	0	0	0	0	0	0	0	26	0	26	0	26	0	0	0	0
Genus_251	1	0	0	0	21	42	0	0	0	0	0	0	0	0	0	8	5	8	0	8	2	0	0	0
Genus_252	0	0	0	0	0	0	0	0	0	0	0	0	0	0	0	0	0	0	0	0	0	0	0	0
Genus_253	0	0	0	0	0	0	1	15	5	0	0	0	0	0	4	0	0	0	0	0	4	0	0	0
Genus_254	0	0	0	0	0	0	0	0	0	0	0	0	1	0	0	0	0	0	0	0	0	0	0	0
Genus_255	12	21	4	21	17	7	37	22	28	0	21	0	20	0	82	29	78	29	33	29	56	40	63	40
Genus_256	278	217	234	217	158	167	570	702	237	0	220	0	239	0	447	205	307	205	264	205	273	216	281	216
Genus_257	0	0	0	0	7	0	0	0	0	0	0	0	0	0	0	0	0	0	0	0	0	0	0	0
Genus_258	292	216	300	216	104	107	215	106	359	0	524	0	489	0	317	254	193	254	242	254	338	429	349	429
Genus_259	0	0	0	0	0	0	10	0	1	0	7	0	3	0	3	0	12	0	5	0	0	8	4	8
Genus_260	0	0	0	0	0	0	0	5	0	0	0	0	0	0	0	0	3	0	0	0	0	0	0	0
Genus_261	0	1	0	1	0	0	0	0	0	0	0	0	0	0	0	0	0	0	0	0	0	0	0	0
Genus_262	0	0	0	0	4	6	1	0	0	0	0	0	0	0	15	26	8	26	41	26	14	4	11	4
Genus_263	0	4	6	4	5	0	0	2	0	3	1	3	4	3	0	2	0	2	0	2	6	7	0	7
Genus_264	0	0	0	0	0	2	0	0	0	0	0	0	0	0	5	0	0	0	0	0	6	0	1	0
Genus_265	1	0	0	0	9	14	0	0	0	0	0	0	0	0	0	4	1	4	1	4	2	0	2	0
Genus_266	0	6	0	6	0	8	0	0	0	0	0	0	0	0	0	0	0	0	0	0	0	0	0	0
Genus_267	0	3	0	3	3	0	0	0	0	5	1	5	3	5	0	5	0	5	0	5	9	0	0	0
Genus_268	2	0	1	0	3	23	1	0	3	0	0	0	0	0	13	0	6	0	6	0	0	2	5	2
Genus_269	0	0	0	0	0	0	0	0	0	0	0	0	0	0	0	0	0	0	3	0	0	0	2	0
Genus_270	0	0	0	0	0	0	2	0	0	0	0	0	0	0	5	0	2	0	2	0	0	2	5	2
Genus_271	0	0	0	0	0	6	0	0	0	0	0	0	0	0	0	0	0	0	0	0	0	0	0	0
Genus_272	0	0	0	0	0	0	0	0	0	0	0	0	0	0	0	0	0	0	4	0	4	0	2	0
Genus_273	4	12	11	12	26	90	8	0	0	0	0	0	0	0	44	26	27	26	63	26	27	15	20	15
Genus_274	89	104	141	104	81	123	39	7	17	0	12	0	7	0	14	45	43	45	47	45	35	25	28	25
Genus_275	0	0	0	0	0	6	0	0	0	0	0	0	0	0	0	0	0	0	0	0	0	0	1	0
Genus_276	0	0	0	0	0	0	0	0	6	0	0	0	0	0	0	0	0	0	0	0	0	0	0	0
Genus_277	0	4	0	4	0	0	0	0	0	0	2	0	0	0	0	0	5	0	0	0	9	0	0	0
Genus_278	7	11	3	11	0	15	6	0	53	0	49	0	45	0	47	31	17	31	45	31	47	21	54	21
Genus_279	0	0	0	0	0	0	0	0	0	0	0	0	0	0	0	0	5	0	0	0	0	0	0	0
Genus_280	0	0	0	0	0	0	0	0	0	0	0	0	0	0	0	1	0	1	0	1	0	0	0	0
Genus_281	0	0	0	0	0	0	0	0	0	0	0	0	0	0	0	0	0	0	0	0	0	0	0	0
Genus_282	0	0	0	0	0	0	0	0	0	0	0	0	0	0	3	0	0	0	3	0	0	1	0	1
Genus_283	0	0	0	0	0	0	0	0	0	0	0	0	0	0	4	2	3	2	7	2	0	11	0	11
Genus_284	0	7	0	7	0	5	0	0	0	0	8	0	0	0	5	0	0	0	0	0	0	0	0	0
Genus_285	3	8	13	8	34	6	0	5	3	37	3	37	19	37	1	6	5	6	3	6	0	13	11	13
Genus_286	10	5	12	5	0	8	47	41	8	0	15	0	12	0	16	6	18	6	18	6	18	0	12	0
Genus_287	0	0	0	0	0	0	0	0	0	0	0	0	2	0	0	0	0	0	0	0	0	0	2	0
Genus_288	0	0	0	0	0	0	0	0	0	0	0	0	0	0	0	0	0	0	0	0	0	0	0	0
Genus_289	0	0	0	0	0	0	0	0	0	0	0	0	6	0	0	0	0	0	0	0	0	0	0	0
Genus_290	2	0	0	0	3	0	0	0	0	0	0	0	0	0	0	0	0	0	0	0	0	0	0	0
Genus_291	0	0	0	0	0	0	0	0	0	0	0	0	0	0	4	0	0	0	0	0	0	0	0	0
Genus_292	27	23	9	23	5	18	25	43	42	0	42	0	57	0	50	29	27	29	28	29	32	28	25	28
Genus_293	3210	3111	3281	3111	1751	2491	3954	4232	2369	4	2223	4	1627	4	2560	3098	2657	3098	2486	3098	3645	3682	2877	3682
Genus_294	1	0	0	0	0	2	0	0	0	0	0	0	0	0	0	0	0	0	0	0	0	0	0	0
Genus_295	893	611	616	611	255	339	1081	1104	771	0	791	0	650	0	855	629	583	629	687	629	799	755	897	755
Genus_296	0	3	1	3	7	8	0	0	4	0	0	0	0	0	0	2	0	2	11	2	3	5	2	5
Genus_297	0	0	0	0	0	0	0	8	0	0	0	0	0	0	0	0	0	0	0	0	0	0	0	0
Genus_298	0	0	0	0	0	0	0	0	0	0	0	0	0	0	0	0	0	0	6	0	1	0	3	0
Genus_299	2	0	0	0	16	24	10	0	0	0	0	0	0	0	5	2	10	2	13	2	3	0	0	0
Genus_300	0	0	0	0	0	0	12	0	0	0	2	0	0	0	0	2	0	2	1	2	0	0	1	0
Genus_301	5	4	2	4	3	2	1	24	0	0	0	0	0	0	0	0	0	0	0	0	0	0	0	0
Genus_302	4	10	4	10	0	16	3	2	0	0	0	0	2	0	5	5	0	5	4	5	1	2	10	2
Genus_303	0	7	0	7	0	2	0	0	0	0	6	0	0	0	3	1	0	1	0	1	0	0	0	0
Genus_304	2	0	0	0	0	0	0	0	0	0	0	0	0	0	0	3	0	3	0	3	0	0	0	0
Genus_305	0	0	0	0	0	0	0	17	0	0	0	0	0	0	0	0	0	0	0	0	0	0	0	0
Genus_306	2	0	2	0	0	0	0	0	0	0	0	0	0	0	0	0	0	0	5	0	0	0	0	0
Genus_307	4	0	7	0	0	2	19	12	27	0	15	0	13	0	18	19	11	19	17	19	2	11	23	11
Genus_308	0	1	0	1	0	0	5	25	1	0	0	0	1	0	0	2	0	2	0	2	0	0	1	0
Genus_309	0	0	0	0	0	0	0	0	4	0	0	0	0	0	0	2	0	2	0	2	0	3	0	3
Genus_310	0	0	0	0	0	1	0	0	0	0	0	0	0	0	0	0	0	0	0	0	0	0	0	0
Genus_311	0	0	0	0	0	0	0	0	0	0	0	0	0	0	0	2	0	2	0	2	2	0	0	0
Genus_312	0	0	0	0	0	0	0	0	6	0	0	0	0	0	0	0	0	0	0	0	0	0	0	0
Genus_313	17	10	27	10	28	5	10	19	3	29	5	29	24	29	6	18	6	18	14	18	20	13	14	13
Genus_314	0	0	0	0	0	0	0	0	0	0	0	0	0	0	0	0	0	0	0	0	0	0	0	0
Genus_315	0	0	0	0	0	0	3	0	0	0	0	0	0	0	1	0	2	0	0	0	0	0	2	0
Genus_316	0	0	0	0	0	0	0	0	3	0	0	0	0	0	0	0	0	0	0	0	0	0	0	0
Genus_317	4	8	0	8	6	3	7	1	2	11	8	11	4	11	0	3	5	3	4	3	9	5	5	5
Genus_318	0	1	2	1	0	8	0	0	0	0	0	0	0	0	0	0	0	0	0	0	0	0	0	0
Genus_319	0	0	0	0	4	9	0	0	0	0	0	0	0	0	6	9	13	9	32	9	4	0	0	0
Genus_320	0	0	0	0	0	3	0	0	0	0	0	0	0	0	0	0	0	0	3	0	0	0	0	0
Genus_321	33	23	17	23	10	13	53	95	27	0	20	0	27	0	37	18	39	18	21	18	31	32	30	32
Genus_322	1	0	3	0	0	0	12	23	0	0	0	0	0	0	16	0	10	0	14	0	1	2	8	2
Genus_323	0	0	0	0	0	0	4	0	0	0	0	0	0	0	0	0	0	0	0	0	0	0	0	0
Genus_324	0	0	0	0	8	13	5	0	0	0	0	0	0	0	0	5	0	5	2	5	0	0	2	0
Genus_325	3	0	0	0	0	0	0	0	0	0	0	0	5	0	4	1	4	1	2	1	0	0	0	0
Genus_326	5	0	0	0	0	0	0	0	0	0	11	0	0	0	0	0	5	0	1	0	0	0	0	0
Genus_327	2	4	0	4	0	3	2	25	1	0	0	0	1	0	3	4	4	4	6	4	6	0	5	0
Genus_328	0	0	0	0	0	4	0	0	0	0	0	0	0	0	0	0	0	0	0	0	0	0	0	0
Genus_329	2	5	0	5	4	2	0	0	0	0	0	0	0	0	3	2	0	2	3	2	4	0	0	0
Genus_330	2	0	0	0	0	3	2	0	0	0	0	0	0	0	7	2	6	2	2	2	0	0	0	0
Genus_331	48	33	20	33	23	45	10	0	16	21	9	21	13	21	48	36	14	36	70	36	20	12	18	12
Genus_332	1	1	2	1	0	0	1	0	3	8	0	8	0	8	0	0	0	0	0	0	0	6	1	6
Genus_333	0	0	0	0	0	0	6	70	6	0	3	0	0	0	11	9	5	9	4	9	14	13	12	13
Genus_334	0	0	0	0	0	0	0	0	0	0	0	0	0	0	0	0	0	0	0	0	0	0	6	0
Genus_335	41	51	66	51	21	23	86	140	19	0	17	0	8	0	62	30	58	30	30	30	64	46	78	46
Genus_336	0	2	0	2	0	0	0	0	0	0	0	0	0	0	0	0	0	0	0	0	0	0	0	0
Genus_337	0	0	0	0	0	0	1	0	0	0	0	0	0	0	0	0	0	0	0	0	0	0	1	0
Genus_338	0	0	0	0	0	0	0	0	0	0	0	0	0	0	0	0	2	0	2	0	0	0	0	0
Genus_339	0	0	0	0	0	0	0	0	0	0	0	0	0	0	0	0	0	0	0	0	0	0	0	0
Genus_340	0	0	0	0	0	0	0	0	5	0	0	0	6	0	0	2	0	2	0	2	0	0	0	0
Genus_341	85	100	91	100	61	48	117	166	243	0	171	0	200	0	62	87	71	87	128	87	93	100	151	100
Genus_342	6	23	18	23	71	137	6	6	2	0	2	0	0	0	50	47	40	47	103	47	35	26	45	26
Genus_343	0	0	0	0	0	0	0	0	0	0	0	0	0	0	0	0	1	0	3	0	0	0	0	0
Genus_344	98	131	134	131	385	658	90	70	26	0	13	0	5	0	86	95	60	95	152	95	101	50	120	50
Genus_345	125	145	151	145	153	131	64	15	15	0	16	0	34	0	15	37	36	37	34	37	30	32	28	32
Genus_346	0	3	0	3	0	0	1	0	3	0	7	0	3	0	9	8	8	8	7	8	1	3	2	3
Genus_347	0	0	0	0	0	0	0	0	0	0	0	0	0	0	0	0	0	0	0	0	0	0	0	0
Genus_348	16	11	4	11	48	43	1	0	2	0	0	0	0	0	45	27	18	27	32	27	5	16	16	16
Genus_349	0	0	0	0	0	0	0	0	0	0	1	0	3	0	9	2	2	2	2	2	0	0	3	0
Genus_350	0	0	0	0	0	0	0	0	0	0	0	0	0	0	0	0	0	0	0	0	0	0	0	0
Genus_351	0	0	0	0	0	0	0	0	0	0	0	0	0	0	0	0	0	0	0	0	0	3	0	3
Genus_352	0	0	0	0	0	0	2	0	0	0	0	0	0	0	0	0	0	0	0	0	3	0	0	0
Genus_353	0	0	0	0	0	0	0	0	0	0	0	0	0	0	0	0	6	0	0	0	0	0	0	0
Genus_354	0	0	0	0	0	0	0	0	0	0	0	0	0	0	0	0	0	0	5	0	0	0	0	0
Genus_355	0	0	0	0	0	1	0	32	0	0	0	0	0	0	0	0	0	0	0	0	0	0	0	0
Genus_356	0	0	0	0	0	0	0	0	0	0	0	0	0	0	0	0	8	0	0	0	0	0	0	0
Genus_357	1	0	4	0	0	2	3	12	0	0	2	0	0	0	15	0	0	0	0	0	7	1	10	1
Genus_358	0	2	0	2	0	15	4	0	0	0	1	0	0	0	5	5	3	5	12	5	3	0	1	0
Genus_359	1	0	0	0	0	0	0	0	0	0	0	0	0	0	0	0	2	0	0	0	0	0	0	0
Genus_360	0	0	0	0	0	0	6	0	0	0	0	0	0	0	0	0	0	0	1	0	4	0	2	0
Genus_361	0	0	0	0	0	0	0	10	0	0	0	0	0	0	0	0	0	0	1	0	0	0	0	0
Genus_362	8	4	10	4	0	0	1	0	15	0	12	0	7	0	10	7	5	7	0	7	2	0	7	0
Genus_363	295	324	250	324	142	195	243	280	437	0	449	0	440	0	517	381	466	381	526	381	466	423	376	423
Genus_364	0	4	0	4	12	8	0	0	0	0	0	0	0	0	0	1	0	1	5	1	3	1	2	1
Genus_365	0	0	0	0	0	0	0	0	0	0	0	0	0	0	0	0	0	0	0	0	0	0	0	0
Genus_366	0	0	0	0	0	2	0	2	0	0	0	0	0	0	0	0	0	0	0	0	0	5	3	5
Genus_367	0	0	0	0	0	0	0	0	0	0	0	0	0	0	0	11	10	11	0	11	0	0	0	0
Genus_368	0	0	0	0	0	0	8	20	0	0	0	0	0	0	0	0	3	0	0	0	7	0	0	0
Genus_369	2	0	5	0	0	0	24	67	16	0	14	0	8	0	17	22	60	22	13	22	7	20	41	20
Genus_370	0	0	0	0	0	0	0	0	0	0	0	0	0	0	0	3	0	3	0	3	0	0	0	0
Genus_371	0	0	0	0	0	1	1	69	0	0	0	0	0	0	0	0	3	0	0	0	0	0	0	0
Genus_372	0	0	0	0	0	3	0	0	0	0	0	0	0	0	0	0	0	0	0	0	0	0	0	0
Genus_373	4	2	0	2	0	14	5	0	0	0	0	0	0	0	0	4	4	4	1	4	9	1	8	1
Genus_374	0	0	0	0	0	7	5	10	1	0	0	0	0	0	9	0	1	0	0	0	4	0	0	0
Genus_375	0	0	1	0	0	10	0	0	0	0	0	0	0	0	4	4	2	4	3	4	0	3	1	3
Genus_376	0	0	0	0	0	0	0	0	0	0	0	0	6	0	0	0	0	0	0	0	0	0	0	0
Genus_377	0	0	0	0	3	4	0	0	0	0	0	0	0	0	0	3	1	3	4	3	0	0	2	0
Genus_378	14	37	46	37	32	84	6	0	0	0	0	0	0	0	21	17	13	17	49	17	12	16	14	16
Genus_379	0	0	0	0	0	0	4	0	0	0	0	0	0	0	8	0	0	0	2	0	0	6	1	6
Genus_380	0	0	0	0	0	0	0	0	0	0	0	0	0	0	0	1	0	1	3	1	7	0	0	0
Genus_381	0	0	3	0	0	5	0	0	0	0	0	0	0	0	0	0	0	0	0	0	0	0	0	0
Genus_382	0	0	0	0	0	4	0	0	0	0	0	0	0	0	0	0	0	0	0	0	3	0	0	0
Genus_383	0	0	0	0	9	9	0	0	0	0	0	0	0	0	2	0	0	0	5	0	0	0	0	0
Genus_384	5	5	8	5	0	4	0	0	1	0	4	0	3	0	0	4	2	4	6	4	6	6	3	6
Genus_385	3	9	5	9	0	1	0	0	0	0	0	0	0	0	5	6	0	6	5	6	0	0	1	0
Genus_386	0	0	0	0	0	0	0	0	0	0	0	0	0	0	0	0	0	0	0	0	0	0	4	0
Genus_387	99	81	77	81	30	38	86	30	34	0	30	0	25	0	39	22	20	22	12	22	34	19	46	19
Genus_388	0	5	0	5	0	7	0	0	0	0	0	0	0	0	0	0	0	0	0	0	0	0	0	0
Genus_389	0	0	0	0	0	0	0	1	0	0	0	0	0	0	0	0	4	0	0	0	0	0	0	0
Genus_390	0	0	0	0	0	0	0	0	0	0	0	0	0	0	0	0	0	0	0	0	0	0	4	0
Genus_391	0	0	0	0	0	0	6	9	0	0	0	0	0	0	0	0	0	0	4	0	0	0	0	0
Genus_392	16	2	8	2	0	4	28	55	9	0	11	0	7	0	17	2	6	2	5	2	8	4	20	4
Genus_393	0	0	0	0	0	0	0	0	0	0	0	0	0	0	0	0	0	0	0	0	0	0	0	0
Genus_394	5	0	6	0	0	5	33	19	0	0	0	0	0	0	0	0	0	0	0	0	0	5	1	5
Genus_395	0	4	2	4	9	0	0	0	0	0	0	0	0	0	6	8	0	8	1	8	0	3	4	3
Genus_396	0	2	4	2	0	0	1	0	0	0	0	0	0	0	0	0	0	0	0	0	0	0	0	0
Genus_397	0	1	0	1	0	1	0	0	0	0	0	0	0	0	2	0	9	0	3	0	0	0	0	0
Genus_398	0	0	0	0	0	0	0	0	2	0	0	0	0	0	0	0	0	0	0	0	4	0	0	0
Genus_399	0	0	0	0	0	0	0	0	4	0	0	0	0	0	0	0	0	0	0	0	0	0	0	0
Genus_400	0	0	9	0	0	0	0	4	0	3	0	3	4	3	0	0	0	0	0	0	0	0	1	0
Genus_401	0	0	0	0	0	2	4	0	0	0	0	0	0	0	3	1	0	1	4	1	0	0	0	0
Genus_402	0	0	9	0	0	0	0	12	0	0	0	0	14	0	0	0	6	0	0	0	5	0	0	0
Genus_403	17	21	16	21	113	242	20	44	3	0	3	0	4	0	56	46	19	46	43	46	38	12	30	12
Genus_404	0	1	0	1	0	1	0	0	0	0	0	0	0	0	0	0	0	0	0	0	2	0	0	0
Genus_405	0	0	0	0	0	0	0	0	1	0	0	0	5	0	15	0	0	0	0	0	0	0	0	0
Genus_406	0	0	0	0	0	0	1	0	0	0	0	0	0	0	0	0	0	0	0	0	0	0	0	0
Genus_407	0	0	0	0	0	0	0	0	0	0	0	0	0	0	0	0	2	0	0	0	2	0	0	0
Genus_408	0	0	0	0	0	4	0	0	0	0	0	0	0	0	3	3	0	3	2	3	1	0	0	0
Genus_409	0	0	2	0	0	0	0	0	6	0	6	0	2	0	5	0	0	0	4	0	3	2	0	2
Genus_410	3	0	0	0	10	13	0	0	0	0	0	0	0	0	4	0	7	0	0	0	8	0	8	0
Genus_411	0	9	0	9	32	78	38	6	0	0	0	0	1	0	2	8	4	8	4	8	0	5	2	5
Genus_412	0	0	0	0	0	11	0	0	0	0	0	0	0	0	3	0	0	0	4	0	0	0	0	0
Genus_413	4	6	2	6	3	5	0	0	0	0	0	0	3	0	0	14	14	14	1	14	0	11	3	11
Genus_414	15	15	10	15	40	91	11	9	4	0	0	0	0	0	9	11	2	11	23	11	0	6	8	6
Genus_415	0	4	4	4	6	2	0	0	0	0	0	0	0	0	6	29	11	29	42	29	11	7	3	7
Genus_416	0	0	1	0	0	0	0	0	0	0	0	0	2	0	0	0	0	0	0	0	0	0	0	0
Genus_417	33	170	50	170	115	22	76	63	53	163	169	163	85	163	21	12	53	12	49	12	274	109	127	109
Genus_418	0	0	1	0	4	0	0	0	0	0	0	0	1	0	3	3	0	3	0	3	0	0	0	0
Genus_419	0	0	0	0	0	0	0	0	0	0	0	0	0	0	0	14	18	14	0	14	0	0	0	0
Genus_420	104	46	27	46	23	58	164	104	45	0	48	0	33	0	103	76	36	76	63	76	81	91	115	91
Genus_421	0	0	0	0	0	0	0	0	0	0	0	0	0	0	0	0	1	0	3	0	0	0	0	0
Genus_422	156	205	208	205	258	218	531	417	1050	3	1240	3	1296	3	1232	1265	2023	1265	1837	1265	1336	863	1667	863
Genus_423	1	9	1	9	0	0	3	8	0	0	0	0	0	0	1	2	3	2	0	2	0	0	3	0
Genus_424	5	4	0	4	0	4	0	0	0	0	0	0	0	0	1	0	0	0	4	0	0	0	0	0
Genus_425	0	0	0	0	0	0	2	0	0	0	1	0	0	0	0	0	0	0	0	0	0	0	4	0
Genus_426	0	0	0	0	0	0	0	0	0	0	0	0	0	0	0	0	0	0	5	0	0	0	0	0
Genus_427	431	392	352	392	194	251	470	417	110	0	154	0	157	0	178	146	184	146	171	146	202	181	180	181
Genus_428	0	0	0	0	5	2	0	0	0	0	0	0	0	0	5	0	0	0	0	0	0	0	0	0
Genus_429	0	0	0	0	3	0	0	0	0	0	0	0	0	0	0	0	0	0	0	0	0	0	1	0
Genus_430	0	0	0	0	0	0	0	0	0	0	0	0	0	0	0	0	0	0	0	0	3	0	0	0
Genus_431	0	2	0	2	0	0	0	0	6	0	0	0	0	0	3	0	0	0	4	0	4	0	2	0
Genus_432	18	35	25	35	16	17	10	34	0	0	0	0	0	0	2	0	0	0	0	0	0	0	4	0
Genus_433	0	0	0	0	0	0	0	0	3	0	0	0	0	0	0	0	0	0	0	0	2	0	0	0
Genus_434	0	0	0	0	0	0	3	0	0	0	0	0	0	0	0	1	0	1	0	1	0	0	0	0
Genus_435	0	0	2	0	0	0	0	0	0	0	0	0	0	0	0	0	0	0	0	0	0	0	4	0
Genus_436	0	3	0	3	0	0	0	0	0	0	0	0	0	0	0	0	0	0	3	0	0	0	0	0
Genus_437	0	0	0	0	0	0	6	0	0	0	0	0	0	0	0	0	0	0	0	0	0	0	0	0
Genus_438	0	0	0	0	0	9	0	0	0	0	0	0	0	0	1	0	5	0	2	0	0	0	1	0
Genus_439	0	0	0	0	0	0	0	5	0	0	0	0	2	0	0	0	0	0	0	0	4	0	0	0
Genus_440	0	0	1	0	5	11	2	0	0	0	0	0	0	0	0	5	4	5	5	5	0	0	1	0
Genus_441	0	0	0	0	0	4	0	0	3	0	0	0	0	0	0	0	4	0	0	0	0	3	0	3
Genus_442	0	0	0	0	0	0	0	0	0	0	0	0	0	0	0	3	0	3	0	3	0	0	1	0
Genus_443	4	22	12	22	28	11	13	2	8	24	13	24	18	24	7	5	10	5	14	5	4	14	27	14
Genus_444	0	0	0	0	0	0	0	0	0	0	0	0	0	0	0	0	7	0	0	0	0	0	0	0
Genus_445	0	0	0	0	0	0	23	15	3	0	10	0	5	0	2	3	0	3	0	3	0	0	3	0
Genus_446	0	0	0	0	6	8	0	0	0	0	0	0	0	0	9	8	2	8	0	8	1	1	0	1
Genus_447	0	0	0	0	0	0	0	0	0	0	0	0	0	0	0	0	0	0	5	0	0	0	0	0
Genus_448	0	0	0	0	4	0	0	0	2	0	0	0	0	0	0	0	1	0	0	0	0	2	0	2
Genus_449	2	0	0	0	0	0	0	0	0	0	0	0	0	0	2	0	6	0	0	0	0	0	0	0
Genus_450	4	0	0	0	0	0	0	0	12	0	2	0	2	0	7	4	1	4	3	4	5	4	2	4
Genus_451	0	0	0	0	0	0	0	0	6	0	0	0	0	0	1	3	1	3	0	3	0	0	0	0
Genus_452	19	23	7	23	10	19	2	0	10	0	8	0	1	0	13	6	11	6	11	6	16	12	19	12
Genus_453	5	0	0	0	0	0	0	0	0	0	0	0	0	0	0	0	0	0	0	0	0	0	0	0
Genus_454	0	0	0	0	0	10	0	13	0	0	0	0	0	0	0	0	0	0	0	0	0	0	0	0
Genus_455	0	0	0	0	0	0	0	0	0	0	0	0	0	0	0	0	0	0	0	0	0	0	0	0
Genus_456	6	0	0	0	0	0	5	6	3	0	2	0	4	0	2	0	0	0	5	0	0	0	2	0
Genus_457	0	0	0	0	0	0	0	0	0	0	0	0	0	0	0	0	4	0	0	0	0	0	0	0
Genus_458	30	31	41	31	12	20	24	18	4	0	4	0	2	0	3	1	0	1	2	1	4	2	2	2
Genus_459	0	0	0	0	0	0	0	0	0	0	10	0	0	0	0	0	0	0	0	0	0	0	0	0
Genus_460	87	72	123	72	41	58	84	184	79	0	77	0	95	0	81	58	55	58	69	58	69	100	83	100
Genus_461	0	0	0	0	0	0	0	0	0	0	0	0	0	0	0	0	3	0	5	0	0	0	0	0
Genus_462	0	8	2	8	5	10	3	0	0	0	0	0	0	0	8	16	14	16	10	16	6	0	6	0
Genus_463	0	0	0	0	0	0	0	0	0	0	0	0	0	0	0	0	0	0	3	0	0	0	0	0
Genus_464	0	0	0	0	0	0	4	0	0	0	0	0	0	0	0	0	0	0	0	0	0	0	0	0
Genus_465	0	1	0	1	0	0	3	44	4	0	0	0	4	0	0	0	5	0	3	0	5	0	7	0
Genus_466	0	0	0	0	0	0	0	13	0	0	0	0	0	0	0	0	0	0	0	0	0	0	0	0
Genus_467	0	0	0	0	0	0	0	0	0	0	0	0	0	0	0	1	0	1	4	1	0	0	0	0
Genus_468	0	0	0	0	0	0	0	0	2	0	0	0	5	0	0	0	2	0	0	0	0	0	0	0
Genus_469	0	0	4	0	8	16	0	0	0	0	0	0	0	0	0	16	0	16	3	16	0	0	5	0
