	T046B4	T046B4_Control	T037A2	T037A2_Control	T037	T037_Control	T068C1	T068C1_Control	T023D3	T023D3_Control	T073A2	T073A2_Control	T073A1	T073A1_Control	T101B	T101B_Control	T100F	T100F_Control	T101A	T101A_Control	T060D	T060D_Control	T060E	T060E_Control
Genus_1	0	4	0	4	0	0	0	0	0	0	0	0	0	0	0	1	0	1	2	1	0	0	0	0
Genus_2	1	13	6	13	0	15	0	0	0	0	0	0	0	0	11	5	0	5	8	5	0	5	6	5
Genus_3	2	0	0	0	0	0	0	0	0	0	0	0	0	0	0	0	0	0	0	0	0	0	0	0
Genus_4	0	0	0	0	7	0	0	0	0	0	0	0	0	0	2	0	0	0	0	0	0	1	0	1
Genus_5	108	113	98	113	420	618	53	16	9	0	0	0	3	0	84	82	42	82	193	82	41	27	44	27
Genus_6	7	5	13	5	12	36	0	16	0	0	0	0	0	0	6	9	4	9	19	9	13	0	6	0
Genus_7	0	0	0	0	0	0	0	0	2	0	0	0	0	0	0	0	1	0	0	0	0	0	0	0
Genus_8	0	0	0	0	0	0	0	0	0	0	0	0	0	0	3	0	0	0	0	0	0	0	0	0
Genus_9	0	5	8	5	0	0	2	12	4	0	6	0	0	0	14	2	10	2	0	2	2	6	4	6
Genus_10	0	0	0	0	0	0	0	0	0	3	2	3	0	3	0	0	0	0	0	0	0	0	0	0
Genus_11	0	0	0	0	0	0	0	0	5	0	0	0	0	0	0	0	0	0	0	0	0	0	0	0
Genus_12	4	0	0	0	4	6	0	8	0	0	0	0	0	0	0	0	3	0	5	0	2	0	1	0
Genus_13	0	0	0	0	0	0	0	0	0	0	0	0	0	0	0	0	0	0	4	0	2	0	0	0
Genus_14	0	0	0	0	0	0	0	0	0	0	0	0	0	0	0	0	3	0	0	0	0	0	0	0
Genus_15	3	0	0	0	0	0	0	0	0	0	0	0	0	0	0	0	0	0	0	0	3	0	0	0
Genus_16	17	31	8	31	21	2	13	0	4	0	3	0	15	0	3	0	0	0	1	0	7	1	0	1
Genus_17	0	0	0	0	7	0	0	0	0	0	0	0	0	0	0	0	0	0	0	0	0	0	0	0
Genus_18	0	7	0	7	0	7	0	0	0	0	0	0	0	0	4	8	5	8	4	8	7	0	0	0
Genus_19	0	0	0	0	0	0	0	0	0	0	0	0	0	0	4	0	0	0	0	0	0	0	0	0
Genus_20	0	0	0	0	0	0	0	21	0	0	8	0	0	0	6	0	8	0	0	0	3	0	2	0
Genus_21	2	2	11	2	0	4	0	3	0	0	0	0	3	0	5	8	13	8	1	8	0	0	1	0
Genus_22	0	0	1	0	0	0	0	0	0	0	0	0	0	0	2	0	0	0	0	0	0	0	0	0
Genus_23	0	0	1	0	3	0	3	0	0	0	0	0	0	0	0	0	0	0	0	0	0	0	2	0
Genus_24	0	0	1	0	0	0	0	0	8	0	0	0	8	0	3	0	0	0	0	0	0	0	2	0
Genus_25	0	0	0	0	0	0	0	0	0	0	0	0	0	0	2	0	0	0	0	0	0	0	0	0
Genus_26	0	0	0	0	0	0	0	0	2	0	0	0	0	0	0	0	0	0	2	0	0	0	0	0
Genus_27	0	0	0	0	0	5	0	0	0	0	0	0	0	0	0	0	0	0	0	0	0	0	0	0
Genus_28	0	0	0	0	0	0	0	0	0	0	0	0	0	0	13	0	3	0	0	0	0	4	0	4
Genus_29	0	0	0	0	0	0	0	0	0	0	1	0	0	0	0	0	0	0	0	0	0	0	0	0
Genus_30	0	0	0	0	4	1	0	0	0	0	0	0	0	0	0	2	0	2	0	2	0	0	0	0
Genus_31	5	0	5	0	0	0	0	0	0	0	0	0	0	0	0	4	0	4	3	4	0	0	0	0
Genus_32	6	4	2	4	0	5	0	0	0	0	0	0	0	0	7	11	10	11	11	11	2	1	9	1
Genus_33	0	0	0	0	0	0	0	0	0	0	0	0	0	0	0	4	3	4	0	4	5	1	1	1
Genus_34	0	0	0	0	0	0	0	0	0	0	3	0	5	0	0	0	0	0	0	0	0	0	0	0
Genus_35	5	0	0	0	0	19	0	0	0	0	7	0	0	0	3	4	0	4	3	4	0	0	0	0
Genus_36	0	6	0	6	0	0	0	5	0	0	0	0	5	0	11	0	0	0	10	0	0	2	0	2
Genus_37	0	0	0	0	0	0	0	0	0	0	0	0	2	0	4	4	0	4	3	4	3	0	1	0
Genus_38	54	33	35	33	174	292	13	16	0	0	6	0	0	0	17	66	14	66	62	66	52	35	41	35
Genus_39	11	16	4	16	0	3	13	22	15	0	8	0	9	0	21	21	19	21	15	21	26	16	22	16
Genus_40	0	0	0	0	0	4	6	0	0	0	0	0	0	0	2	0	2	0	5	0	6	0	2	0
Genus_41	5	2	0	2	0	4	1	0	0	0	0	0	0	0	0	2	0	2	0	2	0	0	0	0
Genus_42	0	0	0	0	0	9	2	0	0	0	0	0	0	0	0	0	0	0	0	0	0	0	0	0
Genus_43	1	4	3	4	0	11	0	0	0	0	0	0	0	0	9	4	0	4	9	4	0	0	6	0
Genus_44	6	9	12	9	9	31	3	0	0	0	0	0	0	0	3	0	1	0	0	0	5	3	8	3
Genus_45	0	0	0	0	0	0	0	10	0	0	0	0	0	0	0	0	0	0	0	0	0	0	0	0
Genus_46	0	3	7	3	5	0	11	0	3	0	0	0	0	0	4	12	7	12	14	12	0	13	2	13
Genus_47	206	198	218	198	179	186	398	269	790	24	812	24	506	24	1043	1371	1211	1371	929	1371	957	762	1117	762
Genus_48	0	0	0	0	0	0	0	0	0	0	0	0	0	0	0	3	0	3	0	3	0	0	0	0
Genus_49	11	12	19	12	5	14	28	2	4	0	0	0	0	0	11	8	0	8	30	8	0	7	7	7
Genus_50	0	7	1	7	0	0	0	0	0	0	0	0	0	0	0	0	0	0	1	0	0	0	0	0
Genus_51	0	0	0	0	0	0	0	0	0	0	0	0	5	0	0	0	0	0	0	0	0	0	0	0
Genus_52	1	1	0	1	0	15	0	0	0	0	0	0	0	0	0	0	0	0	0	0	6	0	1	0
Genus_53	1	6	2	6	0	7	0	0	0	0	0	0	0	0	5	8	0	8	16	8	0	5	3	5
Genus_54	0	0	0	0	0	0	0	0	0	0	0	0	5	0	0	0	0	0	0	0	0	0	0	0
Genus_55	2	5	0	5	0	0	0	0	0	0	0	0	3	0	12	2	0	2	0	2	0	1	0	1
Genus_56	1	11	28	11	5	13	0	0	0	3	0	3	1	3	9	12	3	12	14	12	6	4	1	4
Genus_57	1	4	1	4	0	0	2	0	0	0	2	0	2	0	0	0	7	0	0	0	0	0	0	0
Genus_58	0	0	0	0	0	0	4	0	0	0	0	0	0	0	0	0	0	0	0	0	2	0	1	0
Genus_59	0	0	0	0	5	2	1	2	5	0	2	0	0	0	3	4	1	4	5	4	6	6	4	6
Genus_60	0	0	0	0	0	0	0	0	0	0	0	0	0	0	0	0	0	0	4	0	0	0	0	0
Genus_61	0	0	0	0	0	0	0	0	0	0	0	0	0	0	0	0	0	0	7	0	0	0	0	0
Genus_62	75	83	53	83	38	20	38	50	0	0	0	0	0	0	0	0	0	0	0	0	0	0	0	0
Genus_63	15	0	0	0	0	0	2	0	0	0	0	0	0	0	0	0	0	0	0	0	0	1	0	1
Genus_64	0	0	0	0	0	0	0	0	0	0	0	0	0	0	0	4	0	4	0	4	0	0	0	0
Genus_65	6	0	3	0	0	0	0	0	0	0	0	0	0	0	0	0	7	0	0	0	0	0	0	0
Genus_66	0	4	0	4	0	2	3	0	1	0	1	0	0	0	0	3	9	3	3	3	7	9	8	9
Genus_67	1688	1627	1735	1627	740	970	1522	1318	2315	0	2229	0	2210	0	1213	1294	1840	1294	1162	1294	1562	1344	1111	1344
Genus_68	0	0	0	0	0	0	0	0	0	0	0	0	0	0	5	0	0	0	0	0	0	0	0	0
Genus_69	0	0	0	0	0	5	0	0	0	0	0	0	0	0	0	0	0	0	0	0	0	0	0	0
Genus_70	0	4	0	4	0	0	0	0	0	0	0	0	0	0	0	3	0	3	0	3	0	0	2	0
Genus_71	4	0	2	0	0	2	0	0	0	0	0	0	0	0	0	0	0	0	2	0	0	0	0	0
Genus_72	3	0	0	0	3	11	1	0	0	0	0	0	0	0	0	1	0	1	6	1	0	2	3	2
Genus_73	0	0	4	0	0	0	0	0	2	0	0	0	0	0	0	3	3	3	6	3	9	5	5	5
Genus_74	0	0	0	0	0	0	0	0	0	0	0	0	0	0	4	0	0	0	0	0	0	0	0	0
Genus_75	0	0	0	0	0	0	0	0	0	0	4	0	2	0	0	0	0	0	0	0	0	0	0	0
Genus_76	0	0	0	0	0	0	0	0	0	0	0	0	0	0	0	0	0	0	2	0	0	0	0	0
Genus_77	2	4	2	4	3	0	3	0	3	0	0	0	5	0	0	0	0	0	0	0	0	0	0	0
Genus_78	0	15	5	15	0	0	0	0	0	0	0	0	0	0	0	0	7	0	0	0	0	0	1	0
Genus_79	73	263	57	263	503	350	150	129	286	0	674	0	333	0	409	1013	132	1013	349	1013	239	1395	486	1395
Genus_80	0	0	0	0	6	4	3	0	0	0	0	0	0	0	2	0	0	0	8	0	0	2	0	2
Genus_81	0	0	0	0	0	2	0	0	0	0	0	0	0	0	0	0	0	0	0	0	0	0	2	0
Genus_82	7	1	3	1	6	10	0	0	0	0	0	0	0	0	0	2	2	2	0	2	0	4	0	4
Genus_83	3	0	0	0	0	0	0	0	0	0	0	0	2	0	0	0	0	0	0	0	1	0	0	0
Genus_84	3	21	8	21	0	15	25	12	0	0	0	0	0	0	0	20	7	20	3	20	0	0	1	0
Genus_85	0	0	0	0	0	0	0	1	0	0	0	0	0	0	0	0	0	0	0	0	1	0	0	0
Genus_86	0	0	4	0	0	0	0	0	0	0	0	0	0	0	0	0	0	0	0	0	0	0	2	0
Genus_87	0	0	0	0	0	3	0	0	0	0	0	0	0	0	0	0	0	0	0	0	0	0	2	0
Genus_88	0	0	0	0	0	0	0	4	0	0	0	0	0	0	0	0	0	0	0	0	0	0	0	0
Genus_89	0	0	0	0	0	0	0	0	5	0	0	0	0	0	2	0	0	0	0	0	0	5	3	5
Genus_90	0	0	9	0	0	1	0	0	2	0	0	0	0	0	0	4	6	4	13	4	0	0	4	0
Genus_91	17	36	5	36	15	8	24	36	13	0	18	0	28	0	45	79	72	79	72	79	34	51	38	51
Genus_92	4	5	2	5	9	21	3	0	0	0	2	0	0	0	0	0	0	0	1	0	7	0	0	0
Genus_93	0	6	3	6	0	0	0	0	0	0	0	0	0	0	0	0	0	0	7	0	0	2	0	2
Genus_94	0	3	6	3	16	18	0	0	0	0	1	0	0	0	0	6	10	6	8	6	6	10	10	10
Genus_95	6	1	9	1	0	3	5	14	4	0	0	0	7	0	2	2	8	2	11	2	13	1	12	1
Genus_96	65	31	75	31	7	7	40	50	34	0	65	0	74	0	65	23	38	23	31	23	61	50	66	50
Genus_97	131	128	135	128	109	86	44	6	23	0	11	0	9	0	6	13	15	13	5	13	4	6	13	6
Genus_98	0	0	0	0	0	0	0	0	0	0	0	0	0	0	2	0	0	0	0	0	0	0	2	0
Genus_99	37	58	32	58	84	44	79	85	0	10	22	10	14	10	25	97	10	97	63	97	60	518	108	518
Genus_100	0	0	0	0	8	8	0	0	0	0	0	0	0	0	0	4	0	4	0	4	0	3	0	3
Genus_101	0	0	0	0	0	0	0	0	3	0	0	0	0	0	0	0	4	0	0	0	7	0	0	0
Genus_102	67	103	84	103	149	190	42	45	0	0	0	0	0	0	12	10	1	10	11	10	2	0	16	0
Genus_103	0	0	0	0	0	0	0	0	0	0	0	0	4	0	0	0	0	0	0	0	0	0	0	0
Genus_104	0	1	0	1	0	11	0	0	0	0	0	0	0	0	0	4	0	4	0	4	0	2	0	2
Genus_105	0	0	0	0	4	0	0	0	0	0	0	0	0	0	3	0	1	0	6	0	0	0	0	0
Genus_106	0	0	0	0	0	0	0	14	0	0	0	0	0	0	0	0	0	0	0	0	0	0	0	0
Genus_107	2	0	8	0	0	9	0	0	0	0	0	0	0	0	0	0	0	0	3	0	0	0	0	0
Genus_108	0	0	0	0	0	3	0	0	0	0	0	0	0	0	0	0	0	0	0	0	0	0	0	0
Genus_109	0	0	0	0	0	0	0	25	0	0	0	0	0	0	0	0	0	0	0	0	0	0	0	0
Genus_110	0	0	0	0	0	2	10	4	12	0	0	0	0	0	11	0	0	0	4	0	3	0	6	0
Genus_111	0	0	0	0	0	0	0	17	0	0	0	0	0	0	0	0	0	0	0	0	0	0	0	0
Genus_112	0	0	0	0	0	0	1	63	0	0	0	0	0	0	5	0	0	0	0	0	0	0	0	0
Genus_113	2	1	0	1	0	0	3	24	0	0	0	0	0	0	3	0	3	0	0	0	0	3	7	3
Genus_114	0	0	0	0	0	0	2	24	3	0	0	0	0	0	4	0	4	0	0	0	1	4	3	4
Genus_115	0	0	5	0	0	4	0	0	0	0	1	0	0	0	0	0	0	0	0	0	0	0	0	0
Genus_116	8	0	3	0	0	3	0	0	5	0	0	0	0	0	0	2	0	2	7	2	0	3	7	3
Genus_117	1	2	0	2	7	0	0	0	0	0	0	0	0	0	14	0	0	0	2	0	0	0	6	0
Genus_118	1	4	9	4	0	3	5	4	10	0	0	0	0	0	3	7	10	7	5	7	1	8	7	8
Genus_119	0	0	0	0	0	0	0	0	0	0	0	0	0	0	10	0	0	0	0	0	0	0	0	0
Genus_120	0	1	5	1	7	3	0	0	0	0	0	0	0	0	0	5	2	5	0	5	0	1	1	1
Genus_121	0	0	0	0	10	7	0	0	0	0	0	0	0	0	4	6	4	6	7	6	3	0	0	0
Genus_122	0	1	3	1	12	0	0	0	0	4	5	4	0	4	0	1	1	1	2	1	3	5	2	5
Genus_123	0	0	0	0	0	0	0	0	0	0	0	0	0	0	6	3	0	3	0	3	0	0	0	0
Genus_124	0	0	1	0	0	0	0	0	0	0	0	0	0	0	0	0	0	0	0	0	0	0	4	0
Genus_125	0	0	0	0	0	0	0	0	0	0	0	0	0	0	0	0	0	0	7	0	0	0	0	0
Genus_126	0	0	0	0	0	0	0	0	0	0	0	0	0	0	0	0	3	0	0	0	0	0	0	0
Genus_127	0	0	0	0	0	0	0	0	0	0	2	0	0	0	0	0	0	0	1	0	4	0	0	0
Genus_128	77	61	90	61	41	41	63	148	13	0	21	0	28	0	30	15	16	15	17	15	8	9	21	9
Genus_129	0	0	0	0	8	0	0	0	0	0	0	0	0	0	0	0	0	0	0	0	0	0	0	0
Genus_130	0	0	0	0	0	4	0	0	0	0	0	0	0	0	0	0	0	0	9	0	0	0	0	0
Genus_131	0	2	0	2	16	0	0	0	0	0	5	0	90	0	6	0	0	0	0	0	3	0	0	0
Genus_132	0	0	2	0	0	0	0	0	0	0	0	0	0	0	0	0	0	0	0	0	0	0	1	0
Genus_133	14	23	0	23	0	2	0	0	29	49	15	49	0	49	0	14	0	14	0	14	15	40	0	40
Genus_134	0	0	0	0	0	0	1	0	0	0	0	0	0	0	0	0	0	0	0	0	0	0	0	0
Genus_135	4	0	0	0	0	0	0	0	0	0	0	0	0	0	0	0	0	0	0	0	0	0	0	0
Genus_136	0	3	0	3	0	0	1	0	0	0	0	0	0	0	0	0	0	0	0	0	0	0	0	0
Genus_137	0	0	0	0	0	0	3	0	0	0	0	0	0	0	0	0	0	0	0	0	0	0	0	0
Genus_138	0	0	2	0	0	0	0	0	0	0	0	0	0	0	0	0	0	0	0	0	0	0	0	0
Genus_139	0	6	5	6	0	0	0	0	0	0	0	0	0	0	0	1	0	1	0	1	6	0	0	0
Genus_140	26	34	40	34	5	21	0	0	0	0	0	0	0	0	20	17	6	17	19	17	3	12	8	12
Genus_141	0	0	0	0	0	0	0	0	0	0	0	0	0	0	2	0	0	0	0	0	0	0	0	0
Genus_142	0	0	0	0	0	3	0	0	0	0	0	0	0	0	0	1	0	1	3	1	0	0	0	0
Genus_143	0	0	0	0	0	0	0	0	0	0	0	0	0	0	1	0	0	0	0	0	0	0	2	0
Genus_144	0	0	1	0	0	11	6	0	0	0	0	0	0	0	5	6	0	6	2	6	0	1	0	1
Genus_145	0	0	3	0	0	0	0	0	0	0	0	0	0	0	0	0	0	0	0	0	0	0	0	0
Genus_146	0	0	0	0	0	0	0	14	0	0	0	0	0	0	0	0	0	0	0	0	0	0	0	0
Genus_147	5	0	0	0	0	1	0	5	0	0	0	0	0	0	0	0	0	0	0	0	0	0	0	0
Genus_148	19	12	15	12	11	8	67	17	1	0	3	0	9	0	4	2	3	2	2	2	1	3	6	3
Genus_149	8	0	2	0	0	7	4	0	0	0	0	0	0	0	3	0	0	0	0	0	0	0	0	0
Genus_150	125	139	125	139	534	934	211	238	7	0	2	0	30	0	514	692	490	692	1125	692	394	321	477	321
Genus_151	0	0	0	0	0	4	0	0	0	0	0	0	0	0	0	0	0	0	0	0	0	0	0	0
Genus_152	0	3	0	3	0	0	0	0	1	5	7	5	0	5	1	0	0	0	0	0	0	1	0	1
Genus_153	0	7	3	7	13	53	3	4	0	0	0	0	0	0	0	5	22	5	10	5	5	1	8	1
Genus_154	109	167	142	167	60	31	96	185	24	0	20	0	16	0	13	1	32	1	17	1	8	5	7	5
Genus_155	0	0	0	0	0	0	9	4	0	0	0	0	0	0	0	4	0	4	3	4	8	10	15	10
Genus_156	0	0	0	0	0	0	0	0	0	0	0	0	0	0	0	0	0	0	0	0	0	1	0	1
Genus_157	2	6	6	6	5	2	0	0	0	0	0	0	0	0	0	1	2	1	4	1	0	0	1	0
Genus_158	3	0	0	0	0	0	8	0	9	0	2	0	11	0	10	55	6	55	13	55	2	5	8	5
Genus_159	0	0	0	0	0	2	0	0	0	0	0	0	0	0	0	0	0	0	3	0	0	0	0	0
Genus_160	0	0	4	0	0	0	0	0	0	0	0	0	0	0	0	0	0	0	0	0	0	0	0	0
Genus_161	0	0	0	0	0	2	0	0	0	0	0	0	0	0	0	0	0	0	0	0	0	0	0	0
Genus_162	0	0	3	0	0	3	0	0	0	0	0	0	0	0	0	1	0	1	2	1	0	0	1	0
Genus_163	1	9	9	9	0	4	0	0	0	0	0	0	0	0	3	2	4	2	7	2	0	0	2	0
Genus_164	0	0	0	0	0	5	0	0	0	0	0	0	0	0	0	0	0	0	0	0	0	0	0	0
Genus_165	0	0	0	0	0	3	0	0	4	0	0	0	0	0	0	4	0	4	0	4	0	2	0	2
Genus_166	0	0	0	0	0	0	0	0	0	0	1	0	0	0	0	0	0	0	0	0	0	0	0	0
Genus_167	0	5	2	5	5	2	2	0	0	0	0	0	0	0	0	1	0	1	6	1	0	0	1	0
Genus_168	2	0	0	0	0	12	0	0	0	0	0	0	0	0	0	0	0	0	0	0	2	0	1	0
Genus_169	1	0	0	0	0	0	9	7	0	0	0	0	0	0	2	0	2	0	0	0	2	3	5	3
Genus_170	0	6	0	6	0	3	7	13	0	0	0	0	10	0	23	1	3	1	0	1	10	8	11	8
Genus_171	0	0	0	0	0	0	0	18	0	0	0	0	0	0	0	0	0	0	0	0	4	2	2	2
Genus_172	0	0	3	0	3	0	7	0	7	0	0	0	0	0	8	1	0	1	8	1	3	3	8	3
Genus_173	4	0	0	0	0	0	0	0	1	0	0	0	2	0	0	0	0	0	0	0	0	0	0	0
Genus_174	0	0	0	0	0	0	0	0	0	0	1	0	2	0	4	7	5	7	0	7	0	0	1	0
Genus_175	6	7	0	7	20	13	6	32	5	0	0	0	5	0	13	2	8	2	39	2	3	6	16	6
Genus_176	0	0	0	0	0	0	0	0	0	0	0	0	0	0	0	0	0	0	6	0	0	0	0	0
Genus_177	421	397	368	397	416	400	159	102	395	3	351	3	548	3	247	113	157	113	149	113	109	80	168	80
Genus_178	13	0	0	0	0	0	0	34	9	59	0	59	0	59	0	0	0	0	0	0	0	8	0	8
Genus_179	0	0	0	0	0	0	0	0	7	0	0	0	4	0	5	0	0	0	0	0	2	0	0	0
Genus_180	0	0	0	0	0	0	0	10	0	0	0	0	0	0	0	2	0	2	0	2	0	0	1	0
Genus_181	10	12	6	12	0	8	109	91	5	0	22	0	6	0	29	8	16	8	15	8	28	8	21	8
Genus_182	0	0	0	0	0	5	0	0	0	0	0	0	0	0	0	0	0	0	0	0	0	0	0	0
Genus_183	12	4	7	4	0	3	3	5	0	0	0	0	6	0	4	4	11	4	5	4	3	0	1	0
Genus_184	0	0	0	0	0	0	1	0	0	0	0	0	0	0	0	0	0	0	0	0	0	1	0	1
Genus_185	0	0	0	0	0	0	0	0	0	0	0	0	0	0	5	0	0	0	0	0	0	0	0	0
Genus_186	128	137	196	137	85	73	121	142	35	0	49	0	50	0	41	15	34	15	28	15	21	26	25	26
Genus_187	0	0	0	0	0	2	0	3	0	0	0	0	0	0	1	0	2	0	2	0	0	0	0	0
Genus_188	0	0	0	0	0	0	0	0	0	0	0	0	2	0	0	1	6	1	0	1	0	2	0	2
Genus_189	0	0	5	0	5	1	0	0	0	0	0	0	0	0	0	0	0	0	7	0	0	0	0	0
Genus_190	0	1	0	1	0	0	0	0	0	0	0	0	0	0	0	0	1	0	0	0	0	0	0	0
Genus_191	234	315	319	315	271	252	162	116	38	0	43	0	44	0	92	155	153	155	164	155	196	129	251	129
Genus_192	3	0	2	0	0	0	0	0	0	0	0	0	0	0	0	0	2	0	0	0	0	0	2	0
Genus_193	0	0	0	0	0	0	5	0	0	0	0	0	0	0	0	4	4	4	4	4	2	6	0	6
Genus_194	0	0	0	0	3	4	0	0	0	0	0	0	0	0	0	0	0	0	0	0	0	1	0	1
Genus_195	0	0	0	0	0	1	0	0	0	0	0	0	0	0	0	0	0	0	0	0	0	0	0	0
Genus_196	0	10	0	10	0	0	0	0	2	0	0	0	0	0	0	0	0	0	0	0	0	0	0	0
Genus_197	62	55	66	55	45	42	74	169	20	0	13	0	30	0	26	8	15	8	29	8	20	14	16	14
Genus_198	0	0	3	0	0	0	0	3	0	0	0	0	0	0	0	0	0	0	0	0	0	0	0	0
Genus_199	0	0	0	0	9	0	0	0	0	3	0	3	0	3	0	0	0	0	0	0	0	0	0	0
Genus_200	0	0	0	0	7	11	0	0	6	0	0	0	3	0	36	27	24	27	35	27	9	4	19	4
Genus_201	0	0	0	0	0	0	0	0	0	0	0	0	0	0	0	0	2	0	0	0	0	0	0	0
Genus_202	0	0	0	0	0	0	2	8	0	0	0	0	0	0	0	0	0	0	0	0	0	0	0	0
Genus_203	0	0	0	0	0	0	0	0	0	0	4	0	0	0	0	0	0	0	3	0	0	0	0	0
Genus_204	0	0	5	0	8	2	2	0	1	6	0	6	5	6	0	0	2	0	0	0	0	2	1	2
Genus_205	1	0	0	0	0	0	10	26	0	0	0	0	0	0	2	0	0	0	0	0	10	0	1	0
Genus_206	0	0	0	0	0	0	0	0	0	0	0	0	0	0	0	0	0	0	0	0	0	3	0	3
Genus_207	0	0	0	0	0	0	3	0	0	0	0	0	0	0	0	0	0	0	0	0	0	0	0	0
Genus_208	0	2	0	2	0	1	0	0	0	0	0	0	0	0	0	4	1	4	0	4	0	0	0	0
Genus_209	1	0	5	0	0	2	0	0	0	0	0	0	0	0	0	1	0	1	3	1	0	0	0	0
Genus_210	0	0	0	0	0	8	0	0	0	0	0	0	0	0	0	0	0	0	0	0	1	0	0	0
Genus_211	0	0	0	0	4	0	0	0	0	0	0	0	0	0	0	0	10	0	0	0	0	0	3	0
Genus_212	2	11	3	11	17	16	9	0	2	0	0	0	14	0	14	11	1	11	18	11	1	6	11	6
Genus_213	0	0	6	0	0	0	0	2	0	0	0	0	7	0	0	0	1	0	0	0	0	0	0	0
Genus_214	2	2	0	2	0	3	0	0	0	0	0	0	0	0	0	3	2	3	0	3	0	0	0	0
Genus_215	0	0	2	0	8	9	5	0	0	0	0	0	0	0	0	0	0	0	7	0	4	5	1	5
Genus_216	0	0	0	0	0	0	5	5	0	0	0	0	0	0	13	3	0	3	0	3	4	3	2	3
Genus_217	0	14	6	14	0	9	10	60	3	0	0	0	0	0	23	2	23	2	11	2	4	8	3	8
Genus_218	0	0	0	0	0	0	0	0	0	0	0	0	1	0	0	0	0	0	0	0	0	0	0	0
Genus_219	4	0	1	0	0	0	3	8	7	0	0	0	0	0	0	0	0	0	2	0	1	0	0	0
Genus_220	0	0	0	0	0	2	0	0	0	0	0	0	0	0	0	0	3	0	0	0	3	0	2	0
Genus_221	0	0	0	0	0	0	0	0	0	0	0	0	0	0	0	0	8	0	0	0	0	0	0	0
Genus_222	0	0	0	0	3	0	1	0	0	0	3	0	9	0	12	0	1	0	0	0	2	0	0	0
Genus_223	0	0	0	0	0	0	0	0	0	0	0	0	0	0	0	0	0	0	0	0	0	0	0	0
Genus_224	266	140	174	140	100	94	349	158	467	0	503	0	704	0	491	312	346	312	323	312	451	312	512	312
Genus_225	0	0	0	0	0	0	0	0	0	0	1	0	0	0	2	0	4	0	0	0	0	0	0	0
Genus_226	0	0	0	0	0	6	0	16	0	0	0	0	0	0	1	0	0	0	6	0	0	0	0	0
Genus_227	312	426	298	426	217	234	201	280	181	0	206	0	209	0	200	74	126	74	116	74	145	107	114	107
Genus_228	0	0	0	0	0	0	0	0	0	0	0	0	0	0	0	0	1	0	0	0	0	0	0	0
Genus_229	0	0	0	0	0	0	0	0	0	0	0	0	0	0	0	0	0	0	0	0	0	6	0	6
Genus_230	0	0	0	0	0	3	0	0	0	0	0	0	0	0	6	0	0	0	0	0	0	0	2	0
Genus_231	10	48	12	48	39	88	9	3	0	0	3	0	16	0	18	7	12	7	4	7	8	0	15	0
Genus_232	0	9	0	9	0	0	33	14	1	0	5	0	2	0	14	7	3	7	9	7	19	16	44	16
Genus_233	0	51	0	51	0	11	0	0	0	0	0	0	0	0	0	26	0	26	0	26	0	0	0	0
Genus_234	1	0	0	0	21	37	0	0	0	0	0	0	0	0	0	6	6	6	0	6	2	0	0	0
Genus_235	0	0	0	0	0	0	0	0	0	0	0	0	0	0	0	0	0	0	0	0	0	0	0	0
Genus_236	0	0	0	0	0	0	1	15	4	0	0	0	0	0	7	0	0	0	0	0	5	0	0	0
Genus_237	0	0	0	0	0	0	0	0	0	0	0	0	2	0	0	0	0	0	0	0	0	0	0	0
Genus_238	11	20	12	20	17	3	40	19	40	0	32	0	32	0	88	23	106	23	39	23	70	39	70	39
Genus_239	343	276	275	276	158	137	633	677	306	0	302	0	306	0	423	195	375	195	274	195	283	217	305	217
Genus_240	0	0	0	0	7	0	0	0	0	0	0	0	0	0	0	0	0	0	0	0	0	0	0	0
Genus_241	345	257	350	257	104	105	225	113	457	0	673	0	690	0	333	277	234	277	225	277	364	378	389	378
Genus_242	0	0	0	0	0	0	9	0	2	0	10	0	4	0	4	0	20	0	1	0	0	7	10	7
Genus_243	0	0	0	0	0	0	0	4	0	0	0	0	0	0	0	0	4	0	0	0	0	0	0	0
Genus_244	0	1	0	1	0	0	0	0	0	0	0	0	0	0	0	0	0	0	0	0	0	0	0	0
Genus_245	0	0	0	0	4	10	3	0	0	0	0	0	0	0	10	21	6	21	32	21	9	1	12	1
Genus_246	0	0	0	0	0	0	0	0	0	3	0	3	0	3	0	0	0	0	0	0	0	2	0	2
Genus_247	2	0	0	0	0	0	0	0	0	0	0	0	0	0	5	0	0	0	0	0	2	4	1	4
Genus_248	2	0	0	0	9	10	0	0	0	0	0	0	0	0	0	5	1	5	3	5	1	0	3	0
Genus_249	0	12	0	12	0	5	0	0	0	0	0	0	0	0	0	0	0	0	0	0	0	0	0	0
Genus_250	2	0	1	0	3	16	2	0	3	0	0	0	0	0	11	0	6	0	7	0	1	2	9	2
Genus_251	0	0	0	0	0	0	0	0	0	0	0	0	0	0	0	0	0	0	2	0	0	0	1	0
Genus_252	0	0	0	0	0	0	1	0	0	0	0	0	0	0	4	0	3	0	4	0	0	0	5	0
Genus_253	0	0	0	0	0	3	0	0	0	0	0	0	0	0	0	0	0	0	0	0	0	0	0	0
Genus_254	0	0	0	0	0	1	0	0	0	0	0	0	0	0	0	0	0	0	3	0	2	0	1	0
Genus_255	3	9	19	9	26	77	6	0	0	0	0	0	0	0	40	28	33	28	69	28	25	11	21	11
Genus_256	92	123	161	123	81	93	44	6	25	0	10	0	9	0	23	43	57	43	42	43	25	25	50	25
Genus_257	0	0	0	0	0	2	0	0	0	0	0	0	0	0	0	0	0	0	0	0	0	0	2	0
Genus_258	0	0	0	0	0	0	0	0	3	0	0	0	0	0	0	0	0	0	0	0	0	0	0	0
Genus_259	0	3	0	3	0	0	0	0	0	0	4	0	0	0	0	0	6	0	0	0	6	0	0	0
Genus_260	12	8	5	8	0	12	2	0	80	0	68	0	78	0	35	27	36	27	41	27	68	19	61	19
Genus_261	0	0	0	0	0	0	0	0	0	0	0	0	0	0	0	0	2	0	0	0	0	0	0	0
Genus_262	0	0	0	0	0	0	0	0	0	0	0	0	0	0	0	1	0	1	0	1	0	0	0	0
Genus_263	0	0	0	0	0	0	0	0	0	0	0	0	0	0	4	0	0	0	3	0	0	2	0	2
Genus_264	0	0	0	0	0	0	0	0	0	0	0	0	0	0	4	2	6	2	6	2	0	6	0	6
Genus_265	0	10	0	10	0	2	0	0	0	0	12	0	0	0	6	0	0	0	0	0	0	0	0	0
Genus_266	7	4	21	4	0	11	47	39	5	0	9	0	23	0	21	3	23	3	20	3	18	0	8	0
Genus_267	0	0	2	0	0	0	0	0	0	0	0	0	2	0	0	0	0	0	0	0	0	0	0	0
Genus_268	0	0	0	0	0	0	0	0	0	0	0	0	9	0	0	0	0	0	0	0	0	0	0	0
Genus_269	2	0	0	0	3	0	0	0	0	0	0	0	0	0	0	0	0	0	0	0	0	0	0	0
Genus_270	0	0	0	0	0	0	0	0	0	0	0	0	0	0	2	0	0	0	0	0	0	0	0	0
Genus_271	39	22	7	22	5	17	36	48	54	0	67	0	58	0	52	21	48	21	32	21	28	28	31	28
Genus_272	2047	1965	2225	1965	983	1311	1976	2117	1704	0	1474	0	1348	0	1241	1537	1607	1537	1346	1537	2070	1894	1607	1894
Genus_273	2	0	0	0	0	2	0	0	0	0	0	0	0	0	0	0	0	0	0	0	0	0	0	0
Genus_274	1108	725	735	725	255	356	1172	982	1015	0	902	0	915	0	927	610	720	610	661	610	853	748	897	748
Genus_275	0	3	1	3	7	5	0	0	5	0	0	0	0	0	0	3	0	3	14	3	1	3	2	3
Genus_276	0	0	0	0	0	0	0	9	0	0	0	0	0	0	0	0	0	0	0	0	0	0	0	0
Genus_277	0	0	0	0	0	0	0	0	0	0	0	0	0	0	0	0	0	0	6	0	2	0	3	0
Genus_278	1	0	0	0	16	29	10	0	0	0	0	0	0	0	2	3	16	3	10	3	2	0	0	0
Genus_279	0	0	0	0	0	0	10	0	0	0	4	0	0	0	0	6	0	6	4	6	0	0	0	0
Genus_280	6	4	2	4	3	3	0	16	0	0	0	0	0	0	0	0	0	0	0	0	0	0	0	0
Genus_281	5	9	5	9	0	14	6	2	2	0	0	0	3	0	4	4	0	4	3	4	4	2	4	2
Genus_282	0	6	0	6	0	2	0	0	0	0	4	0	0	0	3	2	0	2	0	2	0	2	0	2
Genus_283	1	0	0	0	0	0	0	0	0	0	0	0	0	0	0	1	0	1	0	1	0	0	0	0
Genus_284	0	0	0	0	0	0	0	20	0	0	0	0	0	0	0	0	0	0	0	0	0	0	0	0
Genus_285	5	0	0	0	0	0	0	0	0	0	0	0	0	0	0	0	0	0	4	0	0	0	0	0
Genus_286	4	0	11	0	0	2	19	12	31	0	19	0	16	0	12	23	18	23	21	23	1	10	19	10
Genus_287	0	1	0	1	0	0	7	26	1	0	0	0	2	0	0	1	0	1	0	1	0	0	0	0
Genus_288	0	0	0	0	0	0	0	0	2	0	0	0	0	0	0	1	0	1	0	1	0	2	0	2
Genus_289	0	0	0	0	0	3	0	0	0	0	0	0	0	0	0	0	0	0	0	0	0	0	0	0
Genus_290	0	0	0	0	0	0	0	0	0	0	0	0	0	0	0	3	1	3	0	3	1	0	0	0
Genus_291	0	0	0	0	0	0	0	0	4	0	0	0	0	0	0	0	0	0	0	0	0	0	0	0
Genus_292	10	8	0	8	0	5	0	0	0	0	0	0	0	0	2	14	0	14	6	14	0	0	1	0
Genus_293	0	0	0	0	0	0	3	0	0	0	0	0	0	0	1	0	2	0	0	0	0	0	2	0
Genus_294	2	0	0	0	0	0	0	0	0	0	0	0	0	0	0	0	0	0	0	0	0	0	0	0
Genus_295	0	0	0	0	0	0	0	0	3	0	0	0	0	0	0	0	0	0	0	0	0	0	0	0
Genus_296	0	3	0	3	0	1	0	0	0	0	0	0	0	0	0	0	0	0	0	0	0	0	0	0
Genus_297	0	0	2	0	0	7	0	0	0	0	0	0	0	0	0	0	0	0	0	0	0	0	3	0
Genus_298	0	0	0	0	4	5	0	0	0	0	0	0	0	0	6	4	16	4	28	4	3	0	1	0
Genus_299	0	0	0	0	0	1	0	0	0	0	0	0	0	0	0	0	0	0	5	0	0	0	1	0
Genus_300	29	24	25	24	10	15	53	90	35	0	28	0	26	0	40	10	35	10	24	10	36	29	38	29
Genus_301	0	0	0	0	0	0	17	22	0	0	0	0	0	0	10	0	6	0	11	0	3	4	12	4
Genus_302	0	0	0	0	0	0	5	0	0	0	0	0	0	0	0	0	0	0	0	0	0	0	0	0
Genus_303	0	0	0	0	8	18	12	0	0	0	0	0	0	0	0	5	0	5	2	5	2	0	1	0
Genus_304	1	0	0	0	0	0	0	0	0	0	0	0	7	0	3	4	6	4	2	4	0	0	0	0
Genus_305	6	0	0	0	0	0	0	0	0	0	12	0	0	0	0	0	4	0	2	0	0	0	0	0
Genus_306	2	5	0	5	0	2	2	24	1	0	0	0	2	0	2	6	8	6	6	6	7	0	2	0
Genus_307	0	0	0	0	0	3	0	0	0	0	0	0	0	0	0	0	0	0	0	0	0	0	0	0
Genus_308	2	3	0	3	4	2	0	0	0	0	0	0	0	0	3	0	0	0	4	0	1	0	0	0
Genus_309	4	0	0	0	0	4	2	0	0	0	0	0	0	0	3	7	5	7	2	7	0	0	0	0
Genus_310	48	39	16	39	8	21	6	0	10	0	1	0	0	0	37	22	11	22	29	22	8	8	10	8
Genus_311	2	2	3	2	0	0	1	0	3	8	0	8	0	8	0	2	0	2	0	2	0	9	1	9
Genus_312	0	0	0	0	0	0	5	68	7	0	1	0	0	0	17	6	6	6	1	6	17	8	10	8
Genus_313	0	0	0	0	0	0	0	0	0	0	0	0	0	0	0	0	0	0	0	0	0	0	6	0
Genus_314	53	56	69	56	21	23	111	146	24	0	14	0	10	0	67	28	55	28	27	28	77	33	64	33
Genus_315	0	6	0	6	0	0	0	0	0	0	0	0	0	0	0	0	0	0	0	0	0	0	0	0
Genus_316	0	0	0	0	0	0	1	0	0	0	0	0	0	0	0	0	0	0	0	0	0	0	1	0
Genus_317	0	0	0	0	0	0	0	0	0	0	0	0	0	0	0	0	1	0	2	0	0	0	0	0
Genus_318	0	0	0	0	0	0	0	0	4	0	0	0	4	0	0	1	0	1	0	1	0	0	0	0
Genus_319	115	139	127	139	61	46	147	141	276	0	233	0	267	0	71	82	90	82	136	82	111	92	156	92
Genus_320	3	28	15	28	71	128	0	6	5	0	3	0	0	0	68	46	51	46	105	46	38	26	37	26
Genus_321	0	0	0	0	0	0	0	0	0	0	0	0	0	0	0	0	0	0	4	0	0	0	0	0
Genus_322	123	130	161	130	385	650	117	70	29	0	16	0	22	0	80	92	82	92	134	92	109	43	108	43
Genus_323	142	170	167	170	153	127	65	14	19	0	20	0	40	0	16	27	37	27	39	27	29	31	23	31
Genus_324	0	2	0	2	0	0	1	0	1	0	6	0	5	0	6	14	10	14	7	14	0	5	2	5
Genus_325	0	0	0	0	0	0	0	0	0	0	0	0	0	0	0	0	0	0	0	0	0	0	0	0
Genus_326	16	18	6	18	48	33	1	0	4	0	0	0	0	0	49	30	21	30	27	30	7	11	17	11
Genus_327	0	0	0	0	0	0	0	0	0	0	1	0	5	0	11	2	3	2	2	2	0	0	3	0
Genus_328	0	0	0	0	0	0	0	0	0	0	0	0	0	0	0	0	0	0	0	0	0	5	0	5
Genus_329	0	0	0	0	0	0	2	0	0	0	0	0	0	0	0	0	0	0	0	0	5	0	0	0
Genus_330	0	0	0	0	0	0	0	0	0	0	0	0	0	0	0	0	6	0	0	0	0	0	0	0
Genus_331	0	0	0	0	0	0	0	0	0	0	0	0	0	0	0	0	0	0	4	0	0	0	0	0
Genus_332	0	0	0	0	0	2	0	24	0	0	0	0	0	0	0	0	0	0	0	0	0	0	0	0
Genus_333	0	0	0	0	0	0	0	0	0	0	0	0	0	0	0	0	9	0	0	0	0	0	0	0
Genus_334	5	0	5	0	0	1	3	8	1	0	2	0	0	0	9	0	1	0	0	0	11	1	5	1
Genus_335	0	3	0	3	0	12	1	0	0	0	2	0	0	0	3	5	1	5	17	5	5	0	5	0
Genus_336	3	0	0	0	0	0	0	0	0	0	0	0	0	0	0	0	2	0	0	0	0	0	0	0
Genus_337	0	0	0	0	0	0	0	0	3	0	0	0	0	0	0	0	0	0	2	0	2	0	0	0
Genus_338	0	0	0	0	0	0	0	5	0	0	0	0	0	0	0	0	0	0	4	0	0	0	0	0
Genus_339	10	3	9	3	0	0	2	0	9	0	10	0	10	0	9	7	6	7	0	7	8	0	9	0
Genus_340	221	239	203	239	76	110	192	175	536	0	504	0	569	0	469	300	490	300	412	300	411	321	329	321
Genus_341	0	3	0	3	12	1	0	0	0	0	0	0	0	0	0	4	2	4	6	4	6	4	4	4
Genus_342	13	15	26	15	11	15	1	19	1	54	36	54	2	54	57	51	41	51	83	51	40	16	24	16
Genus_343	0	0	0	0	0	0	0	1	0	0	0	0	0	0	0	0	0	0	0	0	0	5	3	5
Genus_344	0	0	0	0	0	0	0	0	0	0	0	0	0	0	0	4	8	4	0	4	0	0	0	0
Genus_345	0	0	0	0	0	0	6	12	0	0	0	0	0	0	0	0	2	0	0	0	7	0	0	0
Genus_346	1	0	3	0	0	0	22	71	23	0	10	0	11	0	19	25	67	25	14	25	9	13	46	13
Genus_347	0	0	0	0	0	0	0	0	0	0	0	0	0	0	0	3	0	3	0	3	0	0	0	0
Genus_348	0	0	0	0	0	3	1	75	0	0	0	0	0	0	0	3	2	3	0	3	0	0	0	0
Genus_349	0	0	0	0	0	3	0	0	0	0	0	0	0	0	0	0	0	0	0	0	0	0	0	0
Genus_350	2	2	0	2	0	12	0	0	0	0	0	0	0	0	0	2	0	2	3	2	9	2	4	2
Genus_351	0	0	0	0	0	6	6	10	1	0	0	0	0	0	11	0	2	0	0	0	3	0	0	0
Genus_352	0	0	2	0	0	9	0	0	0	0	0	0	0	0	2	1	2	1	2	1	0	7	1	7
Genus_353	0	0	0	0	0	0	0	0	0	0	0	0	7	0	0	0	0	0	0	0	0	0	0	0
Genus_354	0	0	0	0	3	5	0	0	0	0	0	0	0	0	0	6	1	6	6	6	0	0	3	0
Genus_355	24	47	54	47	32	67	8	0	0	0	0	0	0	0	23	15	10	15	49	15	14	11	10	11
Genus_356	0	0	0	0	0	0	2	0	0	0	0	0	0	0	11	0	0	0	1	0	0	7	2	7
Genus_357	0	0	0	0	0	0	0	0	0	0	0	0	0	0	0	1	0	1	2	1	4	0	0	0
Genus_358	0	0	1	0	0	9	0	0	0	0	0	0	0	0	0	0	0	0	0	0	0	0	0	0
Genus_359	0	0	0	0	0	3	0	0	0	0	0	0	0	0	0	0	0	0	0	0	4	0	0	0
Genus_360	0	0	0	0	9	5	0	0	0	0	0	0	0	0	2	0	3	0	8	0	0	0	0	0
Genus_361	10	7	9	7	0	4	0	0	2	0	4	0	2	0	0	3	2	3	8	3	5	7	2	7
Genus_362	8	14	8	14	0	2	0	0	0	0	0	0	0	0	4	2	0	2	5	2	0	0	1	0
Genus_363	0	0	0	0	0	0	0	0	0	0	0	0	0	0	0	0	0	0	0	0	0	0	4	0
Genus_364	112	96	85	96	30	34	83	30	50	0	28	0	29	0	45	21	26	21	14	21	37	22	49	22
Genus_365	0	2	0	2	0	7	0	0	0	0	0	0	0	0	0	0	0	0	0	0	0	0	0	0
Genus_366	0	0	0	0	0	0	0	1	0	0	0	0	0	0	0	0	7	0	0	0	0	0	0	0
Genus_367	0	0	0	0	0	0	0	0	0	0	0	0	0	0	0	0	0	0	0	0	0	0	2	0
Genus_368	0	0	0	0	0	0	5	7	0	0	0	0	0	0	0	0	0	0	2	0	0	0	0	0
Genus_369	16	5	11	5	0	6	25	44	8	0	11	0	11	0	9	1	8	1	8	1	11	6	17	6
Genus_370	4	3	5	3	0	4	44	14	0	0	0	0	0	0	0	0	0	0	0	0	1	2	3	2
Genus_371	0	4	2	4	9	0	0	0	0	0	0	0	0	0	11	7	0	7	2	7	0	2	1	2
Genus_372	0	1	4	1	0	0	2	0	0	0	0	0	0	0	0	0	0	0	0	0	0	0	0	0
Genus_373	0	1	1	1	0	3	0	0	0	0	0	0	0	0	3	1	8	1	5	1	0	0	0	0
Genus_374	0	0	0	0	0	0	0	0	3	0	0	0	0	0	0	0	0	0	0	0	4	0	0	0
Genus_375	0	0	0	0	0	0	0	0	4	0	0	0	0	0	0	0	0	0	0	0	0	0	0	0
Genus_376	0	0	7	0	0	0	0	2	0	3	0	3	7	3	0	0	0	0	0	0	2	0	0	0
Genus_377	0	0	0	0	0	2	4	0	0	0	0	0	0	0	3	5	0	5	6	5	0	0	0	0
Genus_378	0	0	0	0	0	0	0	1	0	0	0	0	2	0	0	0	0	0	0	0	3	0	0	0
Genus_379	19	33	25	33	113	228	27	37	4	0	3	0	6	0	59	36	28	36	47	36	42	19	26	19
Genus_380	0	2	0	2	0	1	0	0	0	0	0	0	0	0	0	0	0	0	0	0	1	0	0	0
Genus_381	0	0	0	0	0	0	0	0	4	0	0	0	6	0	14	0	0	0	0	0	0	0	0	0
Genus_382	0	0	0	0	0	0	0	0	0	0	0	0	0	0	0	0	4	0	1	0	4	0	0	0
Genus_383	0	0	0	0	0	3	0	0	0	0	0	0	0	0	5	4	0	4	3	4	0	0	0	0
Genus_384	0	0	2	0	0	0	2	0	6	0	6	0	3	0	8	0	0	0	3	0	3	3	0	3
Genus_385	2	0	0	0	10	4	0	0	0	0	0	0	0	0	3	0	5	0	0	0	7	0	6	0
Genus_386	3	14	0	14	32	76	45	6	0	0	0	0	4	0	6	11	7	11	1	11	0	6	2	6
Genus_387	0	0	0	0	0	6	0	0	0	0	0	0	0	0	3	0	0	0	5	0	0	0	0	0
Genus_388	4	5	6	5	3	6	0	0	0	0	0	0	3	0	0	14	15	14	1	14	0	5	4	5
Genus_389	17	21	12	21	40	83	8	6	4	0	0	0	0	0	6	10	0	10	19	10	0	4	7	4
Genus_390	0	3	2	3	6	6	0	0	0	0	0	0	0	0	4	23	9	23	37	23	13	8	8	8
Genus_391	0	0	1	0	0	0	0	0	0	0	0	0	2	0	0	0	0	0	0	0	0	0	0	0
Genus_392	11	6	0	6	0	3	0	0	0	37	8	37	0	37	0	10	0	10	0	10	12	0	0	0
Genus_393	0	0	2	0	4	0	0	0	0	0	0	0	2	0	2	4	0	4	0	4	0	0	0	0
Genus_394	0	0	0	0	0	0	0	0	0	0	0	0	0	0	0	12	15	12	0	12	0	0	0	0
Genus_395	46	18	15	18	11	24	78	24	26	0	29	0	24	0	42	38	21	38	39	38	53	44	81	44
Genus_396	0	0	0	0	0	0	0	0	0	0	0	0	0	0	0	0	1	0	1	0	0	0	0	0
Genus_397	4	3	4	3	5	2	6	30	12	0	7	0	8	0	9	3	4	3	9	3	10	8	13	8
Genus_398	2	9	2	9	0	0	2	5	0	0	0	0	0	0	1	1	3	1	0	1	0	0	5	0
Genus_399	3	4	0	4	0	6	0	0	0	0	0	0	0	0	0	0	0	0	5	0	0	0	0	0
Genus_400	0	0	0	0	0	0	3	0	0	0	2	0	0	0	0	0	0	0	0	0	0	0	1	0
Genus_401	0	0	0	0	0	0	0	0	0	0	0	0	0	0	0	0	0	0	8	0	0	0	0	0
Genus_402	5	11	8	11	9	2	19	15	5	0	1	0	0	0	16	24	22	24	14	24	37	25	23	25
Genus_403	0	0	0	0	5	2	0	0	0	0	0	0	0	0	6	0	0	0	0	0	0	0	0	0
Genus_404	0	0	0	0	3	0	0	0	0	0	0	0	0	0	0	0	0	0	0	0	0	0	3	0
Genus_405	0	0	0	0	0	0	0	0	0	0	0	0	0	0	0	0	0	0	0	0	6	0	0	0
Genus_406	0	5	0	5	0	0	0	0	13	0	0	0	0	0	3	0	0	0	5	0	4	0	1	0
Genus_407	30	31	37	31	16	19	11	26	0	0	0	0	0	0	3	0	0	0	0	0	0	0	4	0
Genus_408	0	0	0	0	0	0	0	0	2	0	0	0	0	0	0	0	0	0	0	0	2	0	0	0
Genus_409	0	0	0	0	0	0	2	0	0	0	0	0	0	0	0	1	0	1	0	1	0	0	0	0
Genus_410	0	0	4	0	0	0	0	0	0	0	0	0	0	0	0	0	0	0	0	0	0	0	0	0
Genus_411	0	3	0	3	0	0	0	0	0	0	0	0	0	0	0	0	0	0	1	0	0	0	0	0
Genus_412	0	0	0	0	0	0	10	0	0	0	0	0	0	0	0	0	0	0	0	0	0	0	0	0
Genus_413	0	0	0	0	0	3	0	0	0	0	0	0	0	0	3	0	2	0	4	0	0	0	1	0
Genus_414	0	0	2	0	0	0	0	3	0	0	0	0	3	0	0	0	0	0	0	0	4	0	0	0
Genus_415	0	0	1	0	5	9	1	0	0	0	0	0	0	0	0	4	0	4	7	4	0	0	1	0
Genus_416	0	0	0	0	0	3	0	0	4	0	0	0	0	0	2	0	3	0	0	0	0	4	0	4
Genus_417	0	0	0	0	0	0	0	0	0	0	0	0	0	0	0	1	0	1	0	1	0	0	0	0
Genus_418	0	0	0	0	0	0	0	0	0	0	0	0	0	0	0	0	5	0	0	0	0	0	0	0
Genus_419	0	0	0	0	0	0	21	18	4	0	7	0	9	0	3	3	0	3	0	3	0	0	3	0
Genus_420	0	1	0	1	6	6	0	0	0	0	0	0	0	0	8	6	2	6	0	6	2	2	0	2
Genus_421	0	0	0	0	0	0	0	0	0	0	0	0	0	0	0	0	0	0	2	0	0	0	0	0
Genus_422	0	0	0	0	4	0	0	0	5	0	0	0	0	0	0	0	1	0	0	0	0	3	0	3
Genus_423	1	0	0	0	0	0	0	0	0	0	0	0	0	0	2	0	4	0	0	0	0	0	0	0
Genus_424	4	0	2	0	0	0	0	0	9	0	3	0	3	0	6	6	1	6	2	6	5	3	1	3
Genus_425	1	0	0	0	0	0	0	0	12	0	0	0	0	0	3	3	3	3	0	3	0	0	2	0
Genus_426	19	31	14	31	10	21	6	0	10	0	7	0	4	0	16	7	11	7	17	7	14	18	13	18
Genus_427	4	0	0	0	0	0	0	0	0	0	0	0	0	0	0	0	0	0	0	0	0	0	0	0
Genus_428	0	0	0	0	0	6	0	13	0	0	0	0	0	0	0	0	0	0	0	0	0	0	0	0
Genus_429	3	0	0	0	0	0	2	10	3	0	3	0	5	0	1	0	0	0	4	0	0	0	3	0
Genus_430	0	0	0	0	0	0	0	0	0	0	0	0	0	0	0	0	7	0	0	0	0	0	1	0
Genus_431	33	45	37	45	12	26	20	21	4	0	7	0	3	0	4	1	0	1	3	1	5	0	3	0
Genus_432	0	0	0	0	0	0	0	0	0	0	10	0	0	0	0	0	0	0	0	0	0	0	0	0
Genus_433	87	68	158	68	41	54	78	167	102	0	92	0	138	0	79	49	59	49	64	49	59	92	78	92
Genus_434	0	0	0	0	0	0	0	0	0	0	0	0	0	0	0	0	1	0	8	0	0	0	0	0
Genus_435	0	11	2	11	5	4	4	0	0	0	0	0	0	0	5	12	25	12	6	12	6	0	6	0
Genus_436	0	0	0	0	0	0	0	0	0	0	0	0	0	0	0	0	0	0	3	0	0	0	0	0
Genus_437	0	0	0	0	0	0	1	0	0	0	0	0	0	0	0	0	0	0	0	0	0	0	0	0
Genus_438	0	4	0	4	0	0	2	43	6	0	0	0	7	0	0	0	4	0	2	0	7	0	7	0
Genus_439	0	0	0	0	0	0	0	16	0	0	0	0	0	0	0	0	0	0	0	0	0	0	0	0
Genus_440	0	0	0	0	0	0	0	0	0	0	0	0	0	0	2	4	0	4	6	4	0	0	0	0
Genus_441	0	0	0	0	0	0	0	0	0	0	0	0	4	0	0	0	2	0	0	0	0	0	0	0
Genus_442	0	0	3	0	8	10	0	0	0	0	0	0	0	0	0	4	0	4	3	4	0	2	6	2
